0000000000000000000000000000111111100000000000011000001110000000001100000000000000000110000000000000000001000000000000000000100000000000000000001000000000000000000110000000000000000001000000000000000000010000000000000000000100000000000000000000100000000000000000001000000000000000000010000000000000000000010000000000000000000110000000000100000000011000000111000000000001111110000000000000000000000000
0000000000000000000000000000000000100000000000000011111000000000000011000000000000000001100000000000000000100000000000000000010000000000000000000100000000000000000001000000000000000000100000000000000000001000000000000000000010000000000000000000100000000000000000001000000000000000000001000000000000000000011000000000000000000001111111100000000000000000000000000000000000000000000000000000000000000000
0000000000000000000000000000000011110000000000000110000000000000001100000000000000000100000000000000000001000000000000000000100000000000000000010000000000000000001100000000000000000011000000000000000000010000000000000000000100000000000000000001000000000000000000010000000000000000000100000000000000000000100000000011000000000111000011100000000000001111000000000000000000000000000000000000000000000000
0000000000000000000000000000000001110000000000000111111000000000001110000000000000000010000000000000000001000000000000000000100000000000000000001000000000000000000100000000000000000011000000000000000000100000000000000000001000000000000000000010000000000000000000100000000000000000001000000000000000000011000000000000000000011000000000000000000011000000000011000000001110000011100000000000111111100000
0000000000000000000000000000111111000000000000110000000000000000010000000000000000001000000000000000000010000000000000000001000000000000000000010000000000000000001000000000000000000010000000000000000001000000000000000000010000000000000000000100000000000000000000100000000000000000001100000000000000000001100000000000000000001110000000011000000000111111111100000000000000000000000000000000000000000000
0000000000000000000000000000000000000000000000000000000000000000000001111110000000000001100000000000000000100000000000000000001000000000000000000100000000000000000010000000000000000000100000000000000000001000000000000000000010000000000000000000000000000000000000001000000000000000000011000000000000000000001100000000000000000000111111000000000000000000000000000000000000000000000000000000000000000000
0000000000000000000000000000000001110000000000000000110100000000000001110000000000000001100000000000000000100000000000000000010000000000000000000100000000000000000001000000000000000000100000000000000000001000000000000000000010000000000000000000100000000000000000001000000000000000000010000000000000000000010000000000000000000010000000000000000000011111101000000000000000001110000000000000000000000000
0000000000000000000000000000000111110000000000011110000000000000001100000000000000000100000000000000000010000000000000000001000000000000000000010000000000000000000100000000000000000001000000000000000000100000000000000000001000000000000000000010000000000000000000010000000000000000000100000000000000000001100000000000000000000111100001111000000000000011100000000000000000000000000000000000000000000000
0000000000000000000000000000000000000000000000000011111000000000000110000000000000000010000000000000000001000000000000000000100000000000000000001000000000000000000010000000000000000001000000000000000000010000000000000000000100000000000000000001000000000000000000010000000000000000000011000000001100000000011111111110000000000000000000000000000000000000000000000000000000000000000000000000000000000000
0000000000000000000000000000000000000000000000000001111100000000000011100000000000000001100000000000000000110000000000000000001000000000000000000010000000000000000001000000000000000000010000000000000000000100000000000000000001000000000000000000010000000000000000000110000000000000000000110000000000000000000111000001100000000000011111100000000000000000000000000000000000000000000000000000000000000000
0000000000000000000000000000000000000000000000000001100000000000000111100110000000000011000000000000000001100000000000000000110000000000000000001000000000000000000010000000000000000001000000000000000000010000000000000000000100000000000000000001000000000000000000010000000000000000000100000000000000000001000000000000000000001000000001100000000001111111110000000000000000000000000000000000000000000000
0000000000000000000000000000000011110000000000001111000100000000000110000000000000000011000000000000000001100000000000000000010000000000000000001000000000000000000010000000000000000000100000000000000000011000000000000000000100000000000000000001100000000000000000001000000000000000000010000000000000000000011000000000100000000011111110111000000000000000111000000000000000000000000000000000000000000000
0000000000000000000000000000000000000000000000001111111100000000001100000000000000000110000000000000000010000000000000000000100000000000000000010000000000000000000100000000000000000011000000000000000000100000000000000000001000000000000000000011000000000000000000010000000000000000000100000000000000000000100000000000000000000110000000011000000000011111111100000000000000000000000000000000000000000000
0000000000000000000000000000000000000000000000000011111100000000000011000000000000000001000000000000000000100000000000000000010000000000000000000100000000000000000010000000000000000001000000000000000000010000000000000000000100000000000000000001000000000000000000010000000000000000000100000000000000000000100000000000000000001100000000011000000000111100011100000000000000111100000000000000000000000000
0000000000000000000000000000000000000000000000000001111000000000000001100010000000000001100000000000000000010000000000000000001000000000000000000110000000000000000001000000000000000000100000000000000000001000000000000000000010000000000000000000100000000000000000001000000000000000000011000000000000000000010000000000000000000110000000110000000000011111111000000000000000000000000000000000000000000000
0000000000000000000000000000000011100000000000001111000000000000000110000000000000000011000000000000000001000000000000000000010000000000000000001000000000000000000010000000000000000000100000000000000000001000000000000000000010000000000000000000100000000000000000000100000000000000000000100000000000000000001110000011100000000000111111100000000000000000000000000000000000000000000000000000000000000000
0000000000000000000000000000000011110000000000000011100000000000000011000000000000000011000000000000000001100000000000000000010000000000000000001000000000000000000010000000000000000001000000000000000000010000000000000000000100000000000000000001000000000000000000001000000000000000000010000000000000000000010000000000000000000011000000000000000000001110000011000000000000011111100000000000000000000000
0000000000000000000000000000000111100000000000001110000000000000001100000000000000000100000000000000000011000000000000000000100000000000000000001000000000000000000010000000000000000000100000000000000000010000000000000000000110000000000000000000100000000000000000001000000000000000000001100000000110000000000111111111000000000000000000000000000000000000000000000000000000000000000000000000000000000000
0000000000000000000000000000000001100000000000000111100000000000000010000000000000000011000000000000000001000000000000000000100000000000000000001000000000000000000100000000000000000001000000000000000000010000000000000000000100000000000000000001000000000000000000010000000000000000000010000000000000000000100000000000000000000110000000011000000000011110111000000000000000010000000000000000000000000000
0000000000000000000000000000000000000000000000000111111100000000001111000000000000000110000000000000000011000000000000000000100000000000000000001000000000000000000100000000000000000001000000000000000000010000000000000000000100000000000000000001000000000000000000010000000000000000000110000000000000000000110000000000000000000011100000011000000000001111111000000000000000000000000000000000000000000000
0000000000000000000000000000000000000000000000000000000000000000000011111110000000000011000000000000000000100000000000000000010000000000000000000100000000000000000010000000000000000000100000000000000000001000000000000000000010000000000000000000100000000000000000001000000000000000000010000000000000000000100000000000000000000100000000000000000001100000001110000000000101111110000000000000000000000000
0000000000000000000000000000000000000000000000001111111000000000000100000000000000000110000000000000000001000000000000000000100000000000000000001000000000000000000100000000000000000001000000000000000000000000000000000000000100000000000000000001000000000000000000010000000000000000000010000000000000000000010000000000000000000011111111110000000000000000000000000000000000000000000000000000000000000000
0000000000000000000000000000000000000000000000000000000000000000000000111110000000000000011000000000000000011000000000000000000100000000000000000010000000000000000001000000000000000000010000000000000000000100000000000000000001000000000000000000010000000000000000000100000000000000000001000000000000000000001100000000000000000001111111110000000000000000000000000000000000000000000000000000000000000000
0000000000000000000000000000000111000000000000001110001000000000001100000000000000000110000000000000000011000000000000000000100000000000000000001000000000000000000010000000000000000000100000000000000000001000000000000000000010000000000000000000010000000000000000000100000000000000000000110000011100000000000111111100000000000000000000000000000000000000000000000000000000000000000000000000000000000000
0000000000000000000000000000000000000000000000000000000000000000000001111110000000000000100000100000000000110000000000000000001000000000000000000100000000000000000001000000000000000000100000000000000000001000000000000000000010000000000000000000100000000000000000000100000000000000000001000000000000000000010000000000000000000011000000010000000000001111111000000000000000000000000000000000000000000000
0000000000000000000000000000000000000000000000000000011000000000000011111010000000000011000000000000000001000000000000000000010000000000000000001000000000000000000100000000000000000001000000000000000000010000000000000000001000000000000000000010000000000000000000100000000000000000000100000000000000000001000000000000000000001100000000110000000000111111111000000000000000000000000000000000000000000000
0000000000000000000000000000000000000000000000000000111000000000000000111000000000000000011000000000000000001100000000000000000100000000000000000011000000000000000000100000000000000000001000000000000000000100000000000000000001000000000000000000010000000000000000000100000000000000000001000000000000000000011000000000000000000011000001110000000000001111100000000000000000000000000000000000000000000000
0000000000000000000000000000000000000000000000000011110000000000001111000000000000001100000000000000000100000000000000000001000000000000000000100000000000000000001000000000000000000100000000000000000001100000000000000000001000000000000000000010000000000000000000110000000000000000000110000000000000000000110000000011000000000111000001100000000000011111100000000000000000000000000000000000000000000000
0000000000000000000000000000000000000000000000000001110000000000000001100110000000000000100000000000000000110000000000000000001000000000000000000100000000000000000001000000000000000000110000000000000000001000000000000000000010000000000000000000100000000000000000001000000000000000000010000000000000000000100000000000000000001100000000000000000001111000000000000000000011111110000000000000000000000000
0000000000000000000000000000000000000000000000001111110000000000011100000000000000000100000000000000000010000000000000000001100000000000000000010000000000000000000100000000000000000001000000000000000000010000000000000000000100000000000000000000100000000000000000000100000000000000000001100000001100000000000111111110000000000000000000000000000000000000000000000000000000000000000000000000000000000000
0000000000000000000000000000000000000000000000000011110000000000000111100000000000000011000000000000000001000000000000000000100000000000000000001000000000000000000010000000000000000000100000000000000000010000000000000000000100000000000000000000100000000000000000001000000000000000000001000000000000000000010000000000000000000011000001110000000000011111110000000000000000000000000000000000000000000000
0000000000000000000000000000000000000000000000000011111000000000000111000000000000000011000000000000000001000000000000000000110000000000000000001000000000000000000010000000000000000000100000000000000000001000000000000000000010000000000000000000100000000000000000001000000000000000000001000000000000000000011000000000000000000011000001111000000000001111110000000000000000000000000000000000000000000000
0000000000000000000000000000000000000000000000000000111000000000000001110000000000000001100000000000000000100000000000000000011000000000000000000100000000000000000010000000000000000000100000000000000000001000000000000000000010000000000000000000100000000000000000000100000000000000000001000000000000000000001000000001000000000001111111110000000000000000000000000000000000000000000000000000000000000000
0000000000000000000000000000000000000000000000000001111000000000000000100000000000000000110000000000000000010000000000000000000100000000000000000010000000000000000000100000000000000000010000000000000000000100000000000000000001000000000000000000010000000000000000000010000000000000000000100000000000000000001100000000000000000000111100010000000000000000111000000000000000000000000000000000000000000000
0000000000000000000000000000000000000000000000000111111000000000000011000000000000000001000000000000000000100000000000000000010000000000000000000100000000000000000010000000000000000000100000000000000000001000000000000000000010000000000000000000100000000000000000000100000000000000000001100000000100000000001111100111000000000000001111000000000000000000000000000000000000000000000000000000000000000000
0000000000000000000000000000000000000000000000000000000000000000000011111100000000000001100000000000000000100000000000000000001000000000000000000100000000000000000001000000000000000000100000000000000000001000000000000000000010000000000000000000100000000000000000001000000000000000000001000000000000000000011000000000000000000001101111110000000000000000000000000000000000000000000000000000000000000000
0000000000000000000000000000000000000000000000000000000000000000000000111100000000000000010000000000000000010000000000000000001000000000000000000100000000000000000010000000000000000000100000000000000000001000000000000000000100000000000000000001000000000000000000011000000000000000000010000000000000000000010000000000000000000011000000000000000000001111111100000000000000000000000000000000000000000000
0000000000000000000000000000000000000000000000000000000000000000000111111000000000000010000000000000000001000000000000000000100000000000000000010000000000000000001100000000000000000010000000000000000000100000000000000000000000000000000000000010000000000000000000100000000000000000001000000000000000000000000000000000000000011000000001100000000011011110110000000000000000000000000000000000000000000000
0000000000000000000000000000000000000000000000000000000000000000000000000000000000000000000110000000000000001110000000000000000100000000000000000001000000000000000000100000000000000000010000000000000000000000000000000000000001000000000000000000010000000000000000000010000000000000000000010000000110000000000011110111000000000000000000000000000000000000000000000000000000000000000000000000000000000000
0000000000000000000000000000000000000000000000000000000000000000000001111000000000000001100000000000000000100000000000000000010000000000000000000100000000000000000010000000000000000000000000000000000000001000000000000000000000000000000000000001000000000000000000010000000000000000000010000000000000000000100000000000000000000100000000000000000001111111111000000000000000000000000000000001000000000000
0000000000000000000000000000000000000000000000000011111000000000000111000000000000000001000000000000000000100000000000000000001000000000000000000100000000000000000001000000000000000000010000000000000000001000000000000000000010000000000000000000100000000000000000001100000000000000000000100000000000000000000111000001000000000000001111110000000000000000000000000000000000000000000000000000000000000000
0000000000000000000000000000000000000000000000000011110000000000000001100000000000000001100000000000000000100000000000000000010000000000000000000100000000000000000010000000000000000000100000000000000000001000000000000000000100000000000000000001000000000000000000001000000000000000000010000000000000000000010000000000000000000110000000100000000000010111110000000000000000000000000000000000000000000000
0000000000000000000000000000000001000000000000000001110000000000000011100000000000000011000000000000000001000000000000000000010000000000000000001000000000000000000010000000000000000001100000000000000000010000000000000000000100000000000000000000100000000000000000000100000000000000000000100000000000000000000100000001100000000000111111100000000000000000000000000000000000000000000000000000000000000000
0000000000000000000000000000000000000000000000000001110000000000000001100000000000000000010000000000000000011000000000000000001000000000000000000010000000000000000001000000000000000000010000000000000000001000000000000000000010000000000000000000100000000000000000001000000000000000000011000000000000000000010000000000000000000010000000000000000000010111111110000000000000000000000000000000000000000000
0000000000000000000000000000000000000000000000000000001000000000000001111110000000000000010000000000000000011000000000000000000000000000000000000010000000000000000000100000000000000000001000000000000000000100000000000000000001000000000000000000010000000000000000000100000000000000000000100000000000000000000100000000000000000000111000011000000000000001111100000000000000000000000000000000000000000000
0000000000000000000000000000000000000000000000000000111000000000000000110000000000000000110000000000000000010000000000000000001000000000000000000100000000000000000001000000000000000000010000000000000000001000000000000000000010000000000000000000100000000000000000001000000000000000000011000000000000000000011000000000000000000011111111110000000000000000000000000000000000000000000000000000000000000000
0000000000000000000000000000000000000000000000000000110000000000000000110000000000000000110000000000000000010000000000000000001100000000000000000000000000000000000000100000000000000000001000000000000000000100000000000000000001000000000000000000001000000000000000000010000000000000000000011000000100000000000001111111000000000000000000000000000000000000000000000000000000000000000000000000000000000000
0000000000000000000000000000000001100000000000000000100000000000000000100000000000000000110000000000000000100000000000000000001000000000000000000100000000000000000001000000000000000000100000000000000000001000000000000000000000000000000000000000100000000000000000001000000000000000000001000000000000000000010000000000000000000010000000000000000000011000011100000000000000111000000000000000000000000000
0000000000000000000000000000000000000000000000000000011000000000000001111100000000000001100000000000000000110000000000000000010000000000000000000100000000000000000000000000000000000000010000000000000000000100000000000000000000000000000000000000100000000000000000001000000000000000000000000000000000000000010000000000000000000110000000000000000000010000000000000000000011011110000000000000000000000000
0000000000000000000000000000000000000000000000000000000000000000000000111110000000000000110000000000000000010000000000000000001000000000000000000100000000000000000001000000000000000000010000000000000000000000000000000000000001000000000000000000100000000000000000001000000000000000000010000000000000000000010000000000000000000110000000000000000000011101001000000000000000001110000000000000000000000000
0000000000000000000000000000000000000000000000000001110000000000000001110000000000000001100000000000000000100000000000000000010000000000000000001100000000000000000010000000000000000000100000000000000000001000000000000000000010000000000000000000010000000000000000000100000000000000000000100000000000000000000110000000000000000000111111100000000000000000000000000000000000000000000000000000000000000000
0000000000000000000000000000000000000000000000000001110000000000000001100000000000000000110000000000000000010000000000000000000100000000000000000010000000000000000000100000000000000000010000000000000000000100000000000000000001000000000000000000010000000000000000000100000000000000000001100000000000000000001100000000000000000001111000000000000000000001111000000000000000000000000000000000000000000000
0000000000000000000000000000011111000000000000011000000000000000001000000000000000000010000000000000000001000000000000000000110000000000000000011000000000000000000110000000000000000001000000000000000000010000000000000000000100000000000000000000100000000000000000001000000000000000000001000000000000000000010000000000000000000010000000000000000000011110001100000000000000011110000000000000000000000000
0000000000000000000000000000000111100000000000001110000000000000000100000000000000000010000000000000000001000000000000000000010000000000000000000100000000000000000010000000000000000000100000000000000000001000000000000000000010000000000000000000010000000000000000000100000000000000000000100000000000000000001100000000000000000000110000000000000000000011000111000000000000001111000000000000000000000000
0000000000000000000000000000000111000000000000000111000000000000000110000000000000000010000000000000000000100000000000000000010000000000000000001000000000000000000010000000000000000000100000000000000000001000000000000000000010000000000000000000100000000000000000001000000000000000000001000000000000000000010000000000000000000011000000000000000000001111111100000000000000000000000000000000000000000000
0000000000000000000000000000001111000000000000000100000000000000000010000000000000000011000000000000000000100000000000000000010000000000000000001100000000000000000010000000000000000001100000000000000000010000000000000000000100000000000000000001000000000000000000010000000000000000000010000000000000000000100000000000000000001100000000000000000000110000000000000000000011111111000000000000000000000000
0000000000000000000000000000011111000000000000011000000000000000001100000000000000000010000000000000000001000000000000000000100000000000000000001000000000000000000000000000000000000000100000000000000000010000000000000000000100000000000000000001000000000000000000001000000000000000000010000000000000000000010000000000000000000011000000000000000000011111111000000000000000000000000000000000000000000000
0000000000000000000000000000000111000000000000001111000000000000001110000000000000000110000000000000000001000000000000000000010000000000000000001000000000000000000010000000000000000001000000000000000000010000000000000000000100000000000000000001000000000000000000010000000000000000000010000000000000000000110000000000000000000110000000000000000000011111111000000000000000000000000000000000000000000000
0000000000000000000000000000000000000000000000001111100000000000000110000000000000000010000000000000000001000000000000000000100000000000000000001000000000000000000100000000000000000001000000000000000000010000000000000000000100000000000000000001000000000000000000010000000000000000000010000000000000000000110000000000000000000110000000000000000000011111111000000000000000000000000000000000000000000000
0000000000000000000000000000000000000000000000000011110000000000000011000000000000000001000000000000000000010000000000000000001000000000000000000100000000000000000001000000000000000000010000000000000000001000000000000000000000000000000000000000100000000000000000001000000000000000000010000000000000000000010000000000000000000110000000000000000000101111110000000000000000000000000000000000000000000000
0000000000000000000000000000000111000000000000001110000000000000000010000000000000000011000000000000000000100000000000000000010000000000000000000100000000000000000001000000000000000000010000000000000000000100000000000000000001000000000000000000010000000000000000000010000000000000000000100000000000000000000100000000000000000001111111100000000000000000000000000000000000000000000000000000000000000000
0000000000000000000000000000000011100000000000000111000000000000000110000000000000000010000000000000000000000000000000000000010000000000000000000100000000000000000010000000000000000000100000000000000000001000000000000000000010000000000000000000100000000000000000000100000000000000000000000000000000000000001000000000000000000001111000000000000000000001100000000000000000000000000000000000000000000000
0000000000000000000000000000000000000000000000000011100000000000000011000000000000000001000000000000000000010000000000000000001000000000000000000010000000000000000001000000000000000000010000000000000000001100000000000000000000000000000000000000100000000000000000001000000000000000000011000000000000000000001100000000000000000000111111100000000000000000000000000000000000000000000000000000000000000000
0000000000000000000000000000000000000000000000000011110000000000000001100000000000000000100000000000000000010000000000000000001000000000000000000010000000000000000001000000000000000000010000000000000000001000000000000000000010000000000000000000100000000000000000001000000000000000000010000000000000000000010000000000000000000100000000000000000000111000000000000000000000111100000000000000000000000000
0000000000000000000000000000000000000000000000000111010000000000000010000000000000000001000000000000000000100000000000000000010000000000000000000100000000000000000000000000000000000000100000000000000000001000000000000000000010000000000000000000100000000000000000000100000000000000000001000000000000000000001000000000000000000011000000000000000000001111111000000000000000000000000000000000000000000000
0000000000000000000000000000000011000000000000000111000000000000000010000000000000000001000000000000000001100000000000000000010000000000000000001000000000000000000010000000000000000000000000000000000000010000000000000000000100000000000000000001000000000000000000010000000000000000000100000000000000000000100000000000000000000111000000000000000000001111100000000000000000000000000000000000000000000000
0000000000000000000000000000000100000000000000000110100000000000000010000000000000000000000000000000000000010000000000000000001000000000000000000100000000000000000001000000000000000000100000000000000000000000000000000000000010000000000000000000100000000000000000001000000000000000000001000000000000000000001000000000000000000011110111100000000000000000000000000000000000000000000000000000000000000000
0000000000000000000000000000000000000000000000000111110000000000001110000000000000000100000000000000000010000000000000000000100000000000000000010000000000000000000100000000000000000001000000000000000000010000000000000000000100000000000000000001000000000000000000000000000000000000000100000000000000000000100000000000000000001000000000000000000001100000110000000000000111110000000000000000000000000000
0000000000000000000000000000000000000000000000000001110000000000000001100100000000000000100000000000000000010000000000000000000000000000000000000010000000000000000001000000000000000000010000000000000000000000000000000000000001000000000000000000010000000000000000000000000000000000000000100000000000000000001000000000000000000001000000000000000000000110011000000000000000011000000000000000000000000000
0000000000000000000000000000000000000000000000000000000000000000000000111111000000000000010000110000000000010000000000000000001000000000000000000000000000000000000000100000000000000000010000000000000000000000000000000000000000000000000000000000010000000000000000000000000000000000000001000000000000000000010000000000000000000010000000000000000000101101111000000000000000000000000000000000000000000000
0000000000000000000000000000000000000000000000000000000000000000000011100000000000000111001110000000000001000000000000000000110000000000000000000100000000000000000010000000000000000000100000000000000000010000000000000000000100000000000000000001000000000000000000010000000000000000000100000000000000000001000000000000000000001000000000000000000001000000000000000000001111111000000000000000000000000000
0000000000000000000000000000000000000000000000000000000000000000000000011100000000000000001000000000000000000100000000000000000010000000000000000001000000000000000000100000000000000000001000000000000000000000000000000000000001000000000000000000010000000000000000000100000000000000000001000000000000000000010000000000000000000100000000000000000000100000000000000000000111000011000000000000011111100000
0000000000000000000000000000000100000000000000000010100000000000000011000000000000000001000000000000000000010000000000000000011000000000000000000100000000000000000010000000000000000000100000000000000000010000000000000000000100000000000000000001000000000000000000010000000000000000000100000000000000000000100000000000000000000100000000000000000000110000000000000000000011101110000000000000000000000000
0000000000000000000000000000000000000000000000000011100000000000000111000000000000000011000000000000000000100000000000000000010000000000000000001000000000000000000010000000000000000001000000000000000000010000000000000000000100000000000000000000000000000000000000010000000000000000000100000000000000000000100000000000000000001100000000000000000001100000000000000000000111111100000000000000000000000000
0000000000000000000000000000000000000000000000000111000000000000000111000000000000000011000000000000000001100000000000000000010000000000000000001000000000000000000010000000000000000001000000000000000000001000000000000000000100000000000000000001000000000000000000010000000000000000000100000000000000000000100000000000000000000110000000000000000000011100111000000000000000110000000000000000000000000000
0000000000000000000000000000000000000000000000001111100000000000000110000000000000000010000000000000000000100000000000000000010000000000000000001000000000000000000010000000000000000000100000000000000000000000000000000000000010000000000000000000100000000000000000001100000000000000000001000000000000000000001100000000000000000000111111100000000000000000000000000000000000000000000000000000000000000000
0000000000000000000000000000000000000000000000000011111000000000000001100000000000000000100000000000000000010000000000000000001000000000000000000010000000000000000001000000000000000000010000000000000000001000000000000000000010000000000000000000100000000000000000001000000000000000000010000000000000000000010000000000000000000011000000000000000000011111111000000000000000000000000000000000000000000000
0000000000000000000000000000000000000000000000000011100000000000000011100000000000000001000000000000000000100000000000000000010000000000000000001100000000000000000010000000000000000000100000000000000000001000000000000000000010000000000000000000100000000000000000001000000000000000000010000000000000000000010000000000000000000011111111000000000000000000000000000000000000000000000000000000000000000000
0000000000000000000000000000000000000000000000000001100000000000000000110000000000000000110000000000000000001000000000000000000100000000000000000001000000000000000000100000000000000000001000000000000000000100000000000000000001000000000000000000010000000000000000000100000000000000000001000000000000000000001000000000000000000010000000000000000000011000000000000000000001111100000000000000000000000000
0000000000000000000000000000000000000000000000000011100000000000000001100000000000000000110000000000000000010000000000000000000100000000000000000010000000000000000000100000000000000000010000000000000000000100000000000000000001000000000000000000100000000000000000001000000000000000000001000000000000000000010000000000000000000110000000000000000000110000000000000000000011111100000000000000000000000000
0000000000000000000000000000000111000000000000000111000000000000000110000000000000000001000000000000000000100000000000000000010000000000000000000100000000000000000010000000000000000000100000000000000000010000000000000000000100000000000000000001000000000000000000010000000000000000000010000000000000000000100000000000000000000100000000000000000000110000000000000000000111111110000000000000000000000000
0000000000000000000000000000000111000000000000000111000000000000000010000000000000000001000000000000000000100000000000000000011000000000000000000100000000000000000001000000000000000000100000000000000000001000000000000000000010000000000000000000100000000000000000000100000000000000000001000000000000000000001000000000000000000011000000000000000000001100000000000000000000111111100000000000000000000000
0000000000000000000000000000000000000000000000000011110000000000000011000000000000000001000000000000000000110000000000000000001000000000000000000010000000000000000001000000000000000000010000000000000000000100000000000000000010000000000000000000100000000000000000001000000000000000000010000000000000000000010000000000000000000010000000000000000000110000000000000000000111111111000000000000000000000000
0000000000000000000000000000000111000000000000001111000000000000001100000000000000000110000000000000000001000000000000000000010000000000000000001100000000000000000010000000000000000000100000000000000000001000000000000000000010000000000000000000010000000000000000000100000000000000000001100000000000000000001000000000000000000011000001100000000000011111110000000000000000000000000000000000000000000000
0000000000000000000000000000001100000000000000001100000000000000000100000000000000000010000000000000000001100000000000000000010000000000000000000100000000000000000010000000000000000000100000000000000000001000000000000000000010000000000000000000100000000000000000001000000000000000000000000000000000000000010000000000000000000100000000000000000000111111110000000000000000000000000000000000000000000000
0000000000000000000000000000000000000000000000000011100000000000000011000000000000000001100000000000000000100000000000000000001000000000000000000100000000000000000001000000000000000000010000000000000000001000000000000000000010000000000000000000100000000000000000001000000000000000000010000000000000000000010000000000000000000100000000000000000000101000000000000000001111111111000000000000000000000000
0000000000000000000000000000000000000000000000000011110000000000000001000000000000000001100000000000000000110000000000000000010000000000000000000100000000000000000011000000000000000000100000000000000000001000000000000000000010000000000000000000100000000000000000001000000000000000000001000000000000000000010000000000000000000011000000000000000000001111000100000000000000001110000000000000000000000000
0000000000000000000000000000000000000000000000000011110000000000000011000000000000000001000000000000000000100000000000000000010000000000000000000100000000000000000011000000000000000000100000000000000000001000000000000000000010000000000000000000100000000000000000001000000000000000000001000000000000000000001000000000000000000011100000000000000000000111111100000000000000000000000000000000000000000000
0000000000000000000000000000000111000000000000000110000000000000000010000000000000000011000000000000000000100000000000000000010000000000000000000100000000000000000010000000000000000000100000000000000000001000000000000000000100000000000000000001000000000000000000001000000000000000000010000000000000000000110000000000000000000110000000000000000000011111101000000000000000000110000000000000000000000000
0000000000000000000000000000000000000000000000000001110000000000000001100000000000000000100000000000000000010000000000000000001000000000000000000100000000000000000001000000000000000000100000000000000000001000000000000000000010000000000000000000100000000000000000001000000000000000000010000000000000000000010000000000000000000110000000000000000000011100000000000000000001111110000000000000000000000000
0000000000000000000000000000000000000000000000000111100000000000000110000000000000000011000000000000000001000000000000000000110000000000000000001000000000000000000100000000000000000001000000000000000000010000000000000000000100000000000000000001000000000000000000010000000000000000000100000000000000000000100000000000000000001100000000000000000000110000000000000000000011111100000000000000000000000000
0000000000000000000000000000000000000000000000000011110000000000000011100000000000000001100000000000000000010000000000000000011000000000000000000100000000000000000001000000000000000000010000000000000000000100000000000000000001000000000000000000010000000000000000000100000000000000000001000000000000000000010000000000000000000010000000000000000000011000000000000000000001111000000000000000000011000000
0000000000000000000000000000000011100000000000000011100000000000000011000000000000000001000000000000000000100000000000000000001000000000000000000100000000000000000001000000000000000000010000000000000000000100000000000000000001000000000000000000010000000000000000000010000000000000000000010000000000000000000011110011000000000000000011100000000000000000000000000000000000000000000000000000000000000000
0000000000000000000000000000000011100000000000000011000000000000000111000000000000000011000000000000000001000000000000000000010000000000000000001000000000000000000010000000000000000000100000000000000000001000000000000000000010000000000000000000100000000000000000001100000000000000000001000000000000000000001000000000000000000001110000000000000000000011111100000000000000000000000000000000000000000000
0000000000000000000000000000000000000000000000000111110000000000000110000000000000000011000000000000000001100000000000000000100000000000000000001000000000000000000110000000000000000001000000000000000000010000000000000000000100000000000000000001000000000000000000010000000000000000000010000000000000000000100000000000000000001100000000000000000001110000000000000000000111111100000000000000000000000000
0000000000000000000000000000000001000000000000000011110000000000000011000000000000000001000000000000000000100000000000000000011000000000000000000100000000000000000001000000000000000000110000000000000000001000000000000000000010000000000000000000110000000000000000000100000000000000000001100000000000000000001100000000000000000001100000000000000000000111111100000000000000000000000000000000000000000000
0000000000000000000000000000000000000000000000000001110000000000000001100000000000000000110000000000000000010000000000000000001000000000000000000010000000000000000001000000000000000000010000000000000000001000000000000000000010000000000000000000100000000000000000001000000000000000000010000000000000000000010000000000000000000110000000000000000000110000000000000000000111100000100000000000000111110000
0000000000000000000000000000000000000000000000000011111000000000000011000000000000000001100000000000000000100000000000000000011000000000000000000100000000000000000010000000000000000000100000000000000000001000000000000000000010000000000000000000100000000000000000001100000000000000000001000000000000000000011000000000000000000011000000000000000000011111111110000000000000000000000000000000000000000000
0000000000000000000000000000000000000000000000000011110000000000000011000000000000000011000000000000000001100000000000000000010000000000000000001000000000000000000010000000000000000000100000000000000000001000000000000000000100000000000000000001000000000000000000011000000000000000000010000000000000000000110000000000000000000110000000000000000000111110001100000000000000011110000000000000000000000000
0000000000000000000000000000000000000000000000001111110000000000000110000000000000000011000000000000000001000000000000000000100000000000000000001000000000000000000110000000000000000001000000000000000000010000000000000000000100000000000000000001000000000000000000010000000000000000000010000000000000000000100000000000000000000110000000000000000000011111111000000000000000000000000000000000000000000000