0000000000000000000000000110000011111000000001011011000000000000010000000000000000000100000000000000000001000000000000000000010000000000000000000100000000000000000001000011100000000000011101000000000000000100000000000000000001000000000000000000010000000000000000000100000000000000000001000000000000000000010000000001100000000100111111111000000001111000000000000000000000000000000000000000000000000000
0000000000000000000000011100000000000000000010111101100000000000100000000110000000001000000000000000000010000000000000000000100000000000000000001000000000000000000000000000000000000000100000000000000000001111101111111000000010000000000000000000100000000000000000001000000000000000000010000000000000000000100000000000000000001000000000000000000010000000011100000000011111011000000000000000000000000000
0000000000000000000000000000000000000000000001111111111100000000010000000000000000000100000000000000000001000000000000000000010000000000000000000100000000000000000001000000000000000000010011110000000000000111100000000000000001000000000000000000010000000000000000000100000000000000000001000000000000000000010000000000000000000100000000010000000001111111111100000000000000000000000000000000000000000000
0000000000000000000000000000000000000000000011111111110000000000100000000100000000001000000000000000000010000000000000000000100000000000000000001000000000000000000010000000000000000000100000000000000000001111100000000000000010000000000000000000100000000000000000001000000000000000000010000000000000000000100000000000000000001000000000100000000011111111111000000000000000000000000000000000000000000000
0000000000000000000000000000000000000000000011011111100000000000100000000000000000001000000000000000000010000000000000000000100000000000000000001000000000000000000010000000000000000000111100000000000000001000000000000000000010000000000000000000100000000000000000001000000000000000000010000000000000000000110000000100000000000111111111000000000000000000000000000000000000000000000000000000000000000000
0000000000000000000000001000000000000000000111111111111000000001000000000000000000011000000000000000000010000000000000000000100000000000000000001000000000000000000010000000000000000000111110000000000000001000000000000000000010000000000000000000100000000000000000001000000000000000000010000000000000000000100000001100000000001111111100000000000000000000000000000000000000000000000000000000000000000000
0000000000000000000000000000000000000000000111111111111100000001000000000000000000010000000000000000000100000000000000000001000000000000000000010000000000000000000100000000000000000001111111000000000000010000000000000000000100000000000000000001000000000000000000010000000000000000000100000000000000000001000011011111000000011111000000000000000000000000000000000000000000000000000000000000000000000000
0000000000000000000000000000000000000000000001111111111100000000010000000000000000000100000000000000000001000000000000000000000000000000000000000100000000000000000001000000000000000000100000000000000000001111110000000000000010000000000000000000100000000000000000001000000000000000000010000000000000000000100000000000000000001001101111000000000011010000000000000000000000000000000000000000000000000000
0000000000000000000000000000000000000000000001111111111100000000010000000000000000000100000000000000000001000000000000000000010000000000000000000100000000000000000001000000000000000000011111000000000000000100000000000000000001000000000000000000010000000000000000000100000000000000000001000000000000000000010000000011000000000111111111000000000001100000000000000000000000000000000000000000000000000000
0000000000000000000000000000000000000000000001111111111000000000010000000000000000000100000000000000000001000000000000000000010000000000000000000100000000000000000001000000000000000000011111100000000000000100000000000000000001000000000000000000010000000000000000000100000000000000000001000000000000000000010000001111000000000111111100000000000000000000000000000000000000000000000000000000000000000000
0000000000000000000000000000000000000000000011111000000000000000100001111111100000001000000000000000000010000000000000000000100000000000000000001000000000000000000010000000000000000000111111000000000000001000000000000000000010000000000000000000100000000000000000001000000000000000000010000000000000000000100111111111000000001110000000000000000000000000000000000000000000000000000000000000000000000000
0000000000000000000000000000000111100000000000111110000000000000010000000000000000000100000000000000000001000000000000000000010000000000000000000100000000000000000001000000000000000000010011000000000000000111000000000000000001000000000000000000010000000000000000000100000000000000000001000000001100000000010000111100000000000111110000000000000000000000000000000000000000000000000000000000000000000000
0000000000000000000000000011111111110000000000100000000000000000010000000000000000000100000000000000000001000000000000000000010000000000000000000100000000000000000001000000000000000000011111000000000000000100000000000000000001000000000000000000010000000000000000000100000000000000000001000000000000000000010000000011000000000111110111100000000001000000000000000000000000000000000000000000000000000000
0000000000000000000000000000000000000000000001101101111100000000010000000000000000000100000000000000000001000000000000000000000000000000000000000100000000000000000001000000000000000000011001000000000000000101100000000000000001000000000000000000010000000000000000000100000000000000000001000000000000000000110000000000000000001011111011100000000011000000000000000000000000000000000000000000000000000000
0000000000000000000000000100011111110000000011111100000000000000010000000000000000000100000000000000000001000000000000000000000000000000000000000100000000000000000001000000000000000000010000000000000000000100111000000000000001110000000000000000010000000000000000000100000000000000000001000000000000000000010000000000000000000100000011111000000001111111000000000000000000000000000000000000000000000000
0000000000000001000000000111111111110000000001000000000000000000010000000000000000000100000000000000000000000000000000000000010000000000000000000100000000000000000001110111100000000000011100000000000000000010000000000000000000100000000000000000001000000000000000000010000000000000000000100000000000000000001000000001000000000010011111100000000001111000000000000000000000000000000000000000000000000000
0000000000000000000000000110000000110000000001111111110110000000010000000000000000000100000000000000000001000000000000000000010000000000000000000100000100000000000001111111000000000000010000000000000000000100000000000000000001000000000000000000010000000000000000000100000000000000000001000000000011000000010111111111100000000110000000000000000000000000000000000000000000000000000000000000000000000000
0000001000000001000000000011111111110000000000100000000000000000001000000000000000000010000000000000000000000000000000000000001000000000000000000010000000000000000000100000000000000000001000000000000000000111111000000000000001100000000000000000001000000000000000000010000000000000000000100000000000000000010000000000000000000110000001110000000001111111100000000000000000000000000000000000000000000000
0000000000000000000000000100111101100000000011110000100000000000100000000000000000001000000000000000000010000000000000000000100000000000000000001000000000000000000010000000000000000000100011000000000000001111100000000000000010000000000000000000100000000000000000001000000000000000000010000000000000000000100000000000000000001000101111111000000011110000000000000000000000000000000000000000000000000000
0000000000011100000000001111111000000000000010000000000000000000100000000000000000001000000000000000000010000000000000000000100000000000000000000000000000000000000010001110000000000000111100000000000000001000000000000000000010000000000000000000100000000000000000001000000000000000000010000000000000000000100000000000000000001000000000110000000010011111111000000000111000000000000000000000000000000000
0000100000000000000000001000000000100000000011111111110000000000100000000000000000001000000000000000000010000000000000000000100000000000000000010000000000000000000100000000000000000001011111000000000000011000000000000000000100000000000000000001000000000000000000010000000000000000000100000000000000000001000000000000000000010000000000001000000100001111111100000001111100000000000000000000000000000000
0000000000000000000000001100011111100000000010111000000000000000100000000000000000001000000000000000000010000000000000000000100000000000000000001000000000000000000010000000000000000000111110000000000000001000000000000000000010000000000000000000100000000000000000001000000000000000000010000000000000000000100000011111000000001001111000000000000011100000000000000000000000000000000000000000000000000000
0000000000000110000000001111111111000000000010000000000000000000100000000000000000001000000000000000000010000000000000000000110000000000000000000100000000000000000001000000000000000000011110000000000000000100000000000000000001000000000000000000010000000000000000000100000000000000000001000000000000000000010000000011110000000100011111000000000001111000000000000000000000000000000000000000000000000000
0000000000111000000000000111110001110000000001000000000000000000010000000000000000000100000000000000000001000000000000000000010000000000000000000100000000000000000001111111100000000000010000000000000000000100000000000000000001000000000000000000010000000000000000000100000000000000000001000000000000000000010000111111000000000111111000011000000001000000000000000000000000000000000000000000000000000000
0000000000000000000000000000000000110000000001111111110000000000010000000000000000000100000000000000000001000000000000000000010000000000000000000100000000000000000001000000000000000000010001110000000000000011100000000000000000100000000000000000001000000000000000000010000000000000000001100000000000000000010000000111000000000110011111010000000001111000000000000000000000000000000000000000000000000000
0000000000000000000000000000000000000000000000111111111000000000011000000000000000000010000000000000000000100000000000000000000000000000000000000010000000000000000000100000000000000000001000000000000000000011110000000000000000110000000000000000001000000000000000000010000000000000000000100000000000000000010000000000000000000100000000000000000001111111111000000000000000000000000000000000000000000000
0000000000000000000000000000000000000000000001100000111100000000001111110000000000000010000000000000000000100000000000000000001000000000000000000010000000000000000000000000000000000000001011100000000000000011100000000000000000100000000000000000001000000000000000000010000000000000000000100000011100000000001011111000000000000011000000000000000000000000000000000000000000000000000000000000000000000000
0000000000000000000000000001000111110000000000111110000000000000001000000000000000000010000000000000000000100000000000000000001000000000000000000010000000000000000000100000000000000000001101111100000000000011110000000000000000100000000000000000001000000000000000000010000000000000000000100000000000000000001000000011000000000011111111100000000000100000000000000000000000000000000000000000000000000000
0000000000000000000000000000000111111000000000111110000000000000001000000000000000000010000000000000000000100000000000000000001000000000000000000010000000000000000000100000000000000000001000000000000000000010011110000000000000111000000000000000001000000000000000000010000000000000000000100000000000000000001000000000000000000010000001111000000000101111100000000000001100000000000000000010000000000000
0000000000000010000000001000111111100000000011110000000000000000100000000000000000001000000000000000000010000000000000000000100000000000000000001000000010000000000010000011100000000000111111000000000000001000000000000000000010000000000000000000100000000000000000001000000000000000000010000000000000000000100000000000000000001000001111100000000011111100000000000000110000000000000000000000000000000000
0000000000000000000000000000000000100000000011000111111000000000011110000000000000000100000000000000000001000000000000000000010000000000000000000100000000000000000001000000000000000000010000000000000000000100111000000000000001110000000000000000010000000000000000000100000000000000000001000000000000000000010000000011100000000100000011100000000001001110000000000000011100000000000000000000000000000000
0000000000000000000000000110000011100000000001111111100000000000010000000000000000000110000000000000000001100000000000000000011000000000000000000110000000000000000000100000000000000000001000011000000000000011111100000000000000100000000000000000001000000000000000000010000000000000000000100000000000000000001000000011100000000010000111000000000000111110000000000000001100000000000000000000000000000000
0000000000000001000000000111000111110000000001001110000000000000010000000000000000000100000000000000000001000000000000000000010000000000000000000100000000000000000001000000000000000000010011110000000000000111000000000000000001000000000000000000010000000000000000000100000000000000000001000000000000000000010000000011100000000100001111100000000001111110000000000000001000000000000000000000000000000000
0000000000000000000000001100000001110000000001111111100000000000010000000000000000000100000000000000000001000000000000000000010000000000000000000100000000000000000001000000000000000000010001100000000000000111110000000000000001000000000000000000010000000000000000000100000000000000000001000000000000000000010000000000000000000100000111111100000001011111000000000000011100000000000000000000000000000000
0000000000000000000000000010001111110000000001111100000000000000010000000000000000000100000000000000000001000000000000000000010000000000000000000100000000000000000001000000000000000000010000100000000000000111111000000000000001000000000000000000010000000000000000000100000000000000000001000000000000000000010000000000000000000100000111111000000001000111000000000000011110000000000000000000000000000000
0000000000000000000000000100000000001000000001111111111110000000010000000000000000000100000000000000000001000000000000000000010000000000000000000100000000000000000001000000000000000000010000000000000000000111111110000000000001000000000000000000010000000000000000000100000000000000000001000000000000000000010000000000000000000100000011111000000001111101000000000000000000000000000000000000000000000000
0000000000000000000000000000011111100000000001111000000000000000010000000000000000000100000000000000000001000000000000000000010000000000000000000100000000000000000001000001000000000000010001110000000000000111100000000000000001000000000000000000010000000000000000000100000000000000000001000000000000000000010000001111000000000101111110000000000000110000000000000000000000000000000000000000000000000000
0000000000000000000000000010001111100000000001111100000000000000110000000000000000000100000000000000000001000000000000000000010000000000000000000100000000000000000001000001000000000000010111110000000000000111000000000000000001000000000000000000010000000000000000000100000000000000000001000000000000000000010000000011000000000110001111000000000000111100000000000000000000000000000000000000000000000000
0000000000000000000000000011111111100000000000100000000000000000001000000000000000000010000000000000000000100000000000000000001000000000000000000010000000000000000000101111100000000000001100000000000000000010000000000000000000100000000000000000001000000000000000000010000000000000000000100000000000000000001000000111000000000010011110000000000000111000000000000000000000000000000000000000000000000000
0000000000000000000000000100000110000000000001111110000000000000010000000000000000000100000000000000000001000000000000000000010000000000000000000100000000000000000001000001000000000000011111110000000000000110000000000000000000100000000000000000001000000000000000000010000000000000000000100000000000000000001000000000000000000010111111100000000000110000000000000000000000000000000000000000000000000000
0000000000000000000000000100000001000000000001111111110000000000010000000000000000000100000000000000000001100000000000000000010000000000000000000010000000000000000000100000000000000000001000000000000000000011111000000000000000100000000000000000001000000000000000000010000000000000000000100000000000000000001000000011100000000010001111000000000000111000000000000000000000000000000000000000000000000000
0000000000000000000000000011111111110000000001000000000000000000010000000000000000000100000000000000000001000000000000000000010000000000000000000100000000000000000001000011000000000000011111000000000000000100000000000000000000100000000000000000001000000000000000000010000000000000000000100000000000000000001000000011100000000011110111000000000000110000000000000000000000000000000000000000000000000000
0000000000000100000000000111111111000000000001000000000000000000010000000000000000000100000000000000000000000000000000000000010000000000000000000100000000000000000001000000000000000000010011100000000000000111000000000000000001000000000000000000010000000000000000000100000000000000000001000000000000000000010000000000000000000100000000010000000001001111111000000000011100000000000000000000000000000000
0000000000011011000000000011111001000000000001000000000000000000001000000000000000000010000000000000000000100000000000000000001000000000000000000010000000000000000000100000000000000000001000011100000000000011111100000000000000100000000000000000001000000000000000000010000000000000000000100000000000000000001000000111100000000010011100000000000000111000000000000000000000000000000000000000000000000000
0000000000000000000000000000000111100000000001111010000000000000010000000000000000000100000000000000000001000000000000000000010000000000000000000100000000000000000001000000000000000000010000100000000000001010110000000000000011000000000000000000100000000000000000001000000000000000000010000000000000000000100000000111100000001000000111000000000010001110000000000000111100000000000000000000000000000000
0000000000000000000000000000001111000000000011111100000000000000100000000000000000001000000000000000000010000000000000000000100000000000000000001000000000000000000010001100000000000000111110000000000000001000000000000000000010000000000000000000100000000000000000001000000000000000000010000000000000000001000000111011000000010011100000000000000111000000000000000000000000000000000000000000000000000000
0000000000000000000000000000110000000000000001111011110000000000010000000000000000000100000000000000000001000000000000000000010000000000000000000000000000000000000001000000000000000000011111000000000000000100000000000000000000100000000000000000001000000000000000000010000000000000000000100000000000000000001000000111000000000010001111000000000000111100000000000000001100000000000000000000000000000000
0000000000111111000000000111110000000000000001000000000000000000011000000000000000000010000000000000000000100000000000000000001000000000000000000010000110000000000000100111000000000000001110000000000000000010000000000000000000100000000000000000010000000000000000000100000000000000000001000000111100000000010001111000000000000111100000000000000001000000000000000000000000000000000000000000000000000000
0000000000000111110000000111110110000000000001000000000000000000000000000000000000000100000000000000000001000000000000000000010000000000000000000100000000000000000000000010000000000000011111000000000000000100000000000000000000100000000000000000001000000000000000000010000000000000000000100000000110000000001000011110000000000010011000000000000001111000000000000000011000000000000000000000000000000000
0000000000000000000000000111101110110000000001000000000000000000010000000000000000000100000000000000000001000000000000000000010000000000000000000000011100000000000001101000000000000000010000000000000000000100000000000000000001000000000000000000010000000000000000000100000000000000000001000000000000000000010000000000000000000100011011100000000001011110100000000000011000000000000000000000000000000000
0000000000000000000000000001111111111000000001110000000000000000010000000000000000000100000000000000000001000000000000000000010000000000000000000100000000000000000001000001100000000000010011111000000000000011000000000000000000100000000000000000001000000000000000000010000000000000000000100000000000000000001000000000000000000010000001111000000001101111110000000000011100000000000000000000000000000000
0000000000000000000000000111111111110000000001000000000000000000010000000000000000000100000000000000000001000000000000000000010000000000000000000100000000000000000001000000000000000000011111000000000000000100000000000000000001000000000000000000010000000000000000000100000000000000000001000000000000000000010000000000000000000100000000000000000001111111111100000000000000000000000000000000000000000000
0000000000000000000000000000000001100000000000111111110000000000001000000000000000000010000000000000000000100000000000000000001000000000000000000010000001000000000000111111100000000000001000000000000000000010000000000000000000100000000000000000001000000000000000000010000000000000000000100000000000000000001011111111000000000011000000000000000000000000000000000000000000000000000000000000000000000000
0000000000000000000000000000000000000000000001111111111000000000011000000000000000000110000000000000000001000000000000000000010000000000000000000100000000000000000001000000000000000000011110000000000000000100000000000000000001000000000000000000010000000000000000000100000000000000000001000000000000000000010000000000000000000100000011110000000001110111000100000000000000000000000000000000000000000000
0000000000000000000000000100000000000000000001000111110000000000011110000110000000000100000000000000000001000000000000000000010000000000000000000100000000000000000001000000000000000000010000000000000000000111100000000000000001100000000000000000010000000000000000000100000000000000000001000000000000000000010000000010000000000100011111000000000001111000000000000000000000000000000000000000000000000000
0000000000000000000000000000000000000000000000111011110000000000001000000000000000000010000000000000000000100000000000000000001000000000000000000010000000000000000000100000000000000000001110000000000000000110000000000000000001000000000000000000011000000000000000000010000000000000000000100000000000000000001000001110000000000011111100000000000000000000000000000000000000000000000000000000000000000000
0000000000000000000000000000000000000000000000000111011000000000001110000000000000000010000000000000000000100000000000000000001000000000000000000010000000000000000000100000000000000000001011000000000000000011000000000000000000100000000000000000001000000000000000000010000000000000000000100000111000000000001001011000000000000011100000000000000000000000000000000000000000000000000000000000000000000000
0000000000000000000000000000000000000000000000000000010000000000001111111000000000000010000000000000000000100000000000000000001000000000000000000010000000000000000000100000000000000000001000100000000000000011111000000000000000100000000000000000001000000000000000000010000000000000000000100000000000000000001000000010000000000100001111100000000001111000000000000000000000000000000000000000000000000000
0000000000000000000000000000000000000000000000000000011000000000011111111000000000000100000000000000000001000000000000000000010000000000000000000100000000000000000001000000000000000000010001000000000000000111100000000000000001000000000000000000010000000000000000000100000000000000000001000000000000000000011000000110000000000010000111000000000001111110000000000000000000000000000000000000000000000000
0000000000000000000000000000000000000000000000101111110000000000001100000000000000000010000000000000000000100000000000000000001000000000000000000010000000000000000000100000000000000000001000110000000000000011111000000000000000100000000000000000001000000000000000000010000000000000000000100000000010000000001000001111100000000010111100000000000000111000000000000000000000000000000000000000000000000000
0000000000000000000000000000000000000000000001101111110000000000001100000000000000000010000000000000000000100000000000000000001000000000000000000010000000000000000000100000000000000000001001000000000000000011110000000000000000100000000000000000001000000000000000000010000000000000000001000000000000000000010000000000000000000101111111000000000001100000000000000000000000000000000000000000000000000000
0000000000000000000000000000000000000000000010001111111100000000011100000000000000000100000000000000000001000000000000000000010000000000000000000100000000000000000001000000000000000000010000000000000000000111111000000000000001000000000000000000010000000000000000000100000000000000000001000000000000000000010000011111000000000100011000000000000001011000000000000000000000000000000000000000000000000000
0000000000000000000000000010000000000000000000101101111100000000001100000000000000000010000000000000000000100000000000000000001000000000000000000010000000000000000000100000000000000000001001111000000000000011100000000000000000100000000000000000001000000000000000000010000000000000000000100000000000000000001000000000000000000011111111100000000000100000000000000000000000000000000000000000000000000000
0000000000000000000000000000000000000000000001000011111000000000001111000000000000000010000000000000000000100000000000000000001000000000000000000010000000000000000000100000000000000000000111111000000000000011000000000000000000100000000000000000001000000000000000000010000000000000000000100000000000000000001000001100000000000011111110000000000000110000000000000000000000000000000000000000000000000000
0000000000000000000000000000000001100000000000111111110000000000001000000000000000000010000000000000000000100000000000000000000100000000000000000001000000000000000000010000000000000000000100000000000000000001111110000000000000010000000000000000000100000000000000000001000000000000000000010000000000000000000100000000000000000001001111110000000000011000000000000000001100000000000000000000000000000000
0000000000000000000000000000001111100000000001111100000000000000001000000000000000000010000000000000000000100000000000000000001000000000000000000010000000000000000000100000000000000000001111110000000000000010000000000000000000100000000000000000001000000000000000000010000000000000000000100000000100000000001001111111000000000011100000000000000000000000000000000000000000000000000000000000000000000000
0000000000000000000000000000000000000000000000111111110000000000001000000000000000000010000000000000000000100000000000000000001000000000000000000010000000000000000000100000000000000000000101100000000000000001110000000000000000010000000000000000000100000000000000000001000000000000000000010000000000000000000100000000000000000011111111111000000000011000000000000000000000000000000000000000000000000000
0000000000000000000000000000000000000000000001111011111100000000010000000000000000000100000000000000000000000000000000000000010000000000000000000100000000000000000000100000000000000000001000000000000000000011111000000000000000100000000000000000001000000000000000000010000000000000000000100000000000000000001000000001100000000010101111100000000000110000000000000000000000000000000000000000000000000000
0000000000000000000000000000000000000000000001000011100000000000111111000111000000000100000000000000000001000000000000000000010000000000000000000100000000000000000001000000000000000000010000000000000000000111110000000000000001000000000000000000010000000000000000000100000000000000000001000000000000000000010000000000000000000100000000000000000001011111111100000000011100000000000000000000000000000000
0000000000000000000000000000011111111000000000111000000000000000011000000000000000000010000000000000000000100000000000000000001000000000000000000010000000000000000000101111100000000000001110000000000000000010000000000000000000100000000000000000001000000000000000000010000000000000000000100000000000000000001000000001110000000011111111100000000000110000000000000000000000000000000000000000000000000000
0000000000000001000000000010111111110000000000110000000000000000001000000000000000000010000000000000000000100000000000000000001000000000000000000000000000000000000000100011000000000000011111000000000000000000000000000000000000100000000000000000001000000000000000000010000000000000000001100000000000000000010000000000000000000100000000100000000001111111110000000000000000000000000000000000000000000000
0000000000000000000000001000001111100000000011111100000000000000100000000000000000001000000000000000000010000000000000000000100000000000000000001000000000000000000010011111000000000000111000000000000000001000000000000000000000000000000000000000100000000000000000001000000000000000000010000000000000000000100000000000000000001000000000000000000011111111111100000001100000000000000000000000000000000000
0000000001111100000000011011100000000000000100000000000000000001000000000000000000010000000000000000000100000000000000000001000000000000000000001000000000000000000010000000000000000000100111000000000000001110000000000000000010000000000000000000100000000000000000001000000000000000000010000000000000000000100000000000000000001000000000000000000010000011111100000000111111000000000000000000000000000000
0000000000001111000000000111111000000000000001000000000000000000010000000000000000000100000000000000000001000000000000000000010000000000000000000100000000000000000001000000000000000000010000000000000000000111111000000000000001000000000000000000010000000000000000000100000000000000000001000000000000000000110000000011000000001100001011000000000001111000000000000000000000000000000000000000000000000000
0000000000000000000000000000000000000000000000000000011000000000011111111100000000000010000000000000000000100000000000000000001000000000000000000010000000000000000000100000000000000000001000000000000000000011111000000000000000100000000000000000001000000000000000000010000000000000000000100000000000000000001000000000000000000010111011110000000000110000000000000000000000000000000000000000000000000000
0000000000000000000000000000000111100000000000111010001000000000011000000000000000000010000000000000000000100000000000000000000100000000000000000001000000000000000000010000000000000000000100000000000000000001111100000000000000010000000000000000000100000000000000000001000000000000000000010000000000000000000100000000000000000001000011111000000000011111000000000000000000000000000000000000000000000000
0000000000000000000000000000111111000000000011110000001000000000010000000000000000000100000000000000000001000000000000000000010000000000000000000100000000000000000001000000000000000000010000110000000000000111111000000000000001000000000000000000010000000000000000000100000000000000000001000000000000000000010000000000000000000100000000110000000001001110110000000000011100000000000000000000000000000000
0000000000000000000000000000001111000000000011111100000000000000010000000000000000000100000000000000000001000000000000000000001000000000000000000010000000000000000000100000000000000000001111100000000000000010000000000000000000100000000000000000001000000000000000000010000000000000000000100000000010000000001000000111100000000000011110000000000000111000000000000000000000000000000000000000000000000000
0000000000000000000000000000000000011000000111111111111000000000010000000000000000000010000000000000000000100000000000000000001000000000000000000010000000000000000000100000000000000000001111100000000000000010000000000000000000100000000000000000001000000000000000000100000000000000000001000000000000000000010000000000000000000100000001110000000001111111000000000000010000000000000000000000000000000000
0000000000000010000000000001111111000000001101000000000000000000001000000000000000000010000000000000000000100000000000000000000000000000000000000011000000000000000000010000000000000000000101110000000000000001100000000000000000010000000000000000000100000000000000000001000000000000000000010000000000000000000100000000000000000011000001100000000001100011110000000000011111000000000000000000000000000000
0000000000000000000000000000011111110000000011111000000000000000100000000000000000001000000000000000000010000000000000000000100000000000000000001000000000000000000010000000000000000000100111000000000000001110000000000000000010000000000000000000100000000000000000001000000000000000000010000000000000000000100000000000000000001000000000000000000010001111111110000000111110000000000000000000000000000000
0000000000000010000000001000011011100000000011101000000000000000100000000000000000001000000000000000000010000000000000000000010000000000000000000100000000000000000001000000000000000000010011100000000000000111100000000000000001000000000000000000010000000000000000000100000000000000000001000000000000000000010000000000000000000100000001110000000001000111100000000000011110000000000000000000000000000000
0000000000000000000000000000000011100000000011111111000000000000110000000000000000000100000000000000000010000000000000000000100000000000000000001000000000000000000001000000000000000000010001000000000000000111100000000000000001000000000000000000000000000000000000000100000000000000000001000000000000000000010000000000100000000100000101111000000001001111000000000000011100000000000000000000000000000000
0000000000000000000000000000000000100000000011111111110000000000100000000000000000001000000000000000000001000000000000000000000000000000000000000100000000000000000001000000000000000000010000010000000000000111111100000000000001000000000000000000000000000000000000000100000000000000000001000000000000000000010000000000000000000100000000111000000001000110110000000000011010000000000000000000000000000000
0000000000000000000000000000000000110000000011111111110100000000100000000000000000001000000000000000000010000000000000000000100000000000000000001000000000000000000000000000000000000000111111110000000000001000000000000000000010000000000000000000100000000000000000001000000000000000000010000000000000000000100000001111100000001000111100000000000011110000000000000000000000000000000000000000000000000000
0000000000000111000000000111111110000000000010000000000000000000100000000000000000001000000000000000000010000000000000000000100000000000000000000100000000000000000001000000000000000000010000010000000000000111111100000000000001000000000000000000010000000000000000000100000000000000000001000000000000000000010000000000110000000100000111111000000001111100000000000000000000000000000000000000000000000000
0000000000000000000000000000111111110000000011110000000000000000100000000000000000001000000000000000000010000000000000000000100000000000000000001000000000000000000010000000000000000000100111111000000000001110000000000000000000000000000000000000100000000000000000001000000000000000000010000000000000000000100000000000110000001000000001110000000010011110100000000000111000000000000000000000000000000000
0000000000000110000000000000011111000000000011111000000000000000100000000000000000001000000000000000000010000000000000000000100000000000000000001000000000000000000010000000000000000000100000000000000000001001111000000000000011110000000000000000100000000000000000001000000000000000000000000000000000000000100000000001000000001000000001110000000010000011000000000000000111000000000000001110000000000000
0000000000111111000000000111110000000000000001000000000000000000010000000000000000000100000000000000000001000000000000000000010000000000000000000100000000000000000001000000000000000000010000011000000000000111111100000000000001000000000000000000010000000000000000000100000000000000000001000000000000000000010000000001110000000100000011110000000001000101000000000000011110000000000000000100000000000000
0000000000001111000000000000101100000000000011111000000000000000100000000000000000000000000000000000000010000000000000000000100000000000000000001000000000000000000001000000000000000000010000011100000000000101111100000000000001100000000000000000010000000000000000000100000000000000000001000000000000000000010000000000000000000100000001111100000001000101100000000000011110000000000000000000000000000000
0000000000000000000000001000000000100000000111110111110000000001000000000000000000010000000000000000000000000000000000000001000000000000000000010000000000000000000100000000000000000001000000000000000000010000000000000000000111111110000000000001000000000000000000010000000000000000000100000000000000000001000000000000000000010000000001100000000100011111100000000001110000000000000000010000000000000000
0000000000000000000000011000000000001000000011101111111110000000100000000000000000001000000000000000000010000000000000000000100000000000000000000000000000000000000001000000000000000000010001110000000000000111000000000000000001000000000000000000010000000000000000000100000000000000000000000000000000000000010000000000000000000100000000000000000001111111111100000000000000000000000000000000000000000000
0001000000000000000000011111011011100000000100000000000000000000100000000000000000001000000000000000000000000000000000000000100000000000000000001000000000000000000010000011000000000000111110110000000000001000000000000000000010000000000000000001100000000000000000010000000000000000000100000000000000000001000000000000000000111110000111100000000000011100000000000000000000000000000000000000000000000000
0000000000000000000000001000010011111100000011111000000000000000100000000000000000001000000000000000000010000000000000000000100000000000000000001000000000000000000010000111000000000000111110000000000000001000000000000000000011000000000000000000010000000000000000000100000000000000000001000000000000000000100000000001110000001000011111100000000011111000000000000000000000000000000000000000000000000000
0000000000000011000000001011111111100000000010000000000000000000100000000000000000001000000000000000000010000000000000000000100000000000000000001000000000000000000010000000000000000000111111100000000000001000000000000000000010000000000000000000100000000000000000001000000000000000000010000000000000000000100000000000000000001000000111111000000011111110000000000000000000000000000000000000000000000000
0000000000000011000000001111111111000000000010000000000000000000100000000000000000000000000000000000000010000000000000000000100000000000000000000000000000000000000010000000000000000000100111100000000000001111000000000000000010000000000000000000100000000000000000001000000000000000000010000000000000000000100000000000000000001000000000011000000010000111111100000000111110000000000000000000000000000000
0000000000000110000000001111111110000000000010000000000000000000100000000000000000001000000000000000000110000000000000000001000000000000000000011000000000000000000010001100000000000000111100000000000000001000000000000000000010000000000000000001100000000000000000011000000000000000000110000000000000000000100000000111100000001000011111000000000011111000000000000000000000000000000000000000000000000000
0000000000000000000000000000101111000000000011110000000000000000100000000000000000001000000000000000000010000000000000000000100000000000000000001000000000000000000010000000000000000000110110000000000000001111000000000000000010000000000000000000000000000000000000001000000000000000000010000000000000000000100000000000000000001000000000000000000010000111111100000000111110000000000000000000000000000000
0000000000000000000000000110000111111000000001011100000000000000010000000000000000000100000000000000000001000000000000000000000000000000000000000100000000000000000001000000000000000000010000110000000000000111110000000000000001000000000000000000010000000000000000000100000000000000000001000000000000000000010000000000000000000100000000010000000001000000111100000000011111110000000000000000000000000000
0000000000000000000000000000000000000000000001000101111100000000011110000000000000000100000000000000000000100000000000000000001000000000000000000000000000000000000000100000000000000000001000110000000000000111110000000000000001100000000000000000000000000000000000000010000000000000000000100000000000000000001000000011000000000010000111100000000000100111000000000000011110000000000000000000000000000000