0000000000001111000000001011110110000000000011000000000000000000010000000000000000000100000000000000000001000000000000000000010000000000000000000100000000000000000001000000100000000000001111100000000000000100000000000000000001000000000000000000010000000000000000000100000000000000000001000000000000000000010000000000000000000100000000000000000001000000000000000000010000000000000000000000000000000000
0000000000000011000000011011010111000000000011000000000000000000100000000000000000001000000000000000000000000000000000000000000000000000000000001000000000000000000010000000000000000000101111110000000000001100000000000000000000000000000000000000100000000000000000001000000000000000000010000000000000000000100000000000000000000100000000000000000001000000000000000000000000000000000000000000000000000000
0000000000000011000000010001101110100000000111100000000000000000100000000000000000001000000000000000000010000000000000000000100000000000000000001000000000000000000010000000000000000000100001100000000000001110100000000000000100000000000000000001000000000000000000010000000000000000000100000000000000000001000000000000000000010000000000000000000010000000000000000000100000000000000000001000000000000000
0000000000000111000000000000011110000000000011111000000000000000100000000000000000001000000000000000000010000000000000000000100000000000000000001000000000000000000010000000000000000000100000010000000000001000111100000000000011110000000000000000100000000000000000001000000000000000000010000000000000000000100000000000000000001000000000000000000010000000000000000000100000000000000000000000000000000000
0000000000000000000000000111101101111000000001000000000000000000010000000000000000000000000000000000000001000000000000000000010000000000000000000100000000000000000001000000000000000000000000100000000000000111111000000000000001000000000000000000010000000000000000000100000000000000000001000000000000000000000000000000000000000100000000000000000001000000000000000000010000000000000000000000000000000000
0000000000000000000000000011101111111100000000100000000000000000001000000000000000000010000000000000000000100000000000000000001000000000000000000010000000000000000000100001000000000000001111100000000000000010000000000000000000100000000000000000001000000000000000000010000000000000000000100000000000000000001000000000000000000010000000000000000001000000000000000000010000000000000000000000000000000000
0000000000000011100000000001111110000000000011100000000000000000100000000000000000001100000000000000000001000000000000000000010000000000000000000100000000000000000000000000000000000000010001100000000000000111100000000000000000000000000000000000110000000000000000001000000000000000000010000000000000000000100000000000000000001000000000000000000010000000000000000000100000000000000000000000000000000000
0000000000000000000000001111101111111000000011000000000000000000100000000000000000001000000000000000000010000000000000000000100000000000000000001000000000000000000010011110000000000000111000000000000000001000000000000000000001000000000000000000010000000000000000000100000000000000000001000000000000000000010000000000000000001100000000000000000010000000000000000000100000000000000000000000000000000000
0000000000000000000000000000011111110000000011101000000000000000100000000000000000000100000000000000000001000000000000000000010000000000000000000100000000000000000001000000000000000000010001100000000000000111100000000000000001000000000000000000010000000000000000000100000000000000000001000000000000000000010000000000000000000100000000000000000001000000000000000000010000000000000000000000000000000000
0000000000000000000000000111111111110000000001000000000000000000010000000000000000000100000000000000000001000000000000000000010000000000000000000100000000000000000001111100000000000000010000000000000000000100000000000000000001000000000000000000010000000000000000000100000000000000000001000000000000000000010000000000000000000100000000000000000001100000000000000000000000000000000000000000000000000000
0000000000000011000000000111111111100000000001000000000000000000010000000000000000000100000000000000000001000000000000000000010000000000000000000100001000000000000001001110000000000000011100000000000000000100000000000000000001000000000000000000010000000000000000000100000000000000000001000000000000000000010000000000000000000100000000000000000001000000000000000000000000000000000000000000000000000000
0000011000000000000000000111111111100000000001000000000000000000010000000000000000000100000000000000000001000000000000000000010000000000000000000101111000000000000001110000000000000000000000000000000000000100000000000000000001000000000000000000010000000000000000000100000000000000000001000000000000000000010000000000000000000100000000000000000001000000000000000000000000000000000000000000000000000000
0000000000000000110000000111111111100000000001000000000000000000000000000000000000000100000000000000000000100000000000000000001000000000000000000010000000000000000000100000000000000000001000000000000000000011111110000000000000100000000000000000001000000000000000000010000000000000000000100000000000000000001000000000000000000010000000000000000000100000000000000000001000000000000000000000000000000000
0000000000000000000000000111111111111000000001000000000010000000010000000000000000000100000000000000000001000000000000000000010000000000000000000100000000000000000000000000000000000000010111110000000000000110000000000000000000100000000000000000001000000000000000000010000000000000000000100000000000000000001000000000000000000010000000000000000000100000000000000000011000000000000000000100000000000000
0000000000000000100000000111111111111000000001000000000000000000010000000000000000000100000000000000000001000000000000000000010000000000000000000100000000000000000001111111000000000000110000000000000000001100000000000000000001000000000000000000010000000000000000000100000000000000000001000000000000000000010000000000000000000100000000000000000001000000000000000000010000000000000000000000000000000000
0000000000000000000000000111111111111000000001100000000000000000001000000000000000000010000000000000000000100000000000000000001000000000000000000010000000000000000000100111000000000000001111000000000000000010000000000000000000100000000000000000001000000000000000000010000000000000000000100000000000000000001000000000000000000010000000000000000000100000000000000000000000000000000000000000000000000000
0000000000000000000000000111000000000000000000101111111110000000001000000000000000000010000000000000000000100000000000000000001000000000000000000010000000000000000000100000000000000000001111100000000000000010000000000000000000100000000000000000001000000000000000000010000000000000000000100000000000000000001000000000000000000010000000000000000001000000000000000000010000000000000000000100000000000000
0000000000000000000000001111101111111000000010000000000000000000100000000000000000001000000000000000000010000000000000000000100000000000000000001000011000000000000001111100000000000000100000000000000000001000000000000000000010000000000000000000100000000000000000001000000000000000000010000000000000000000100000000000000000001000000000000000000010000000000000000000100000000000000000000000000000000000
0000000000000000000000000111000000000000000000111111111111000000001000000000000000000010000000000000000000100000000000000000001000000000000000000010000000000000000000100000000000000000001000000000000000000011111100000000000000100000000000000000001000000000000000000010000000000000000000100000000000000000001000000000000000000010000000000000000000100000000000000000001000000000000000000000000000000000
0000000000000000000000001000000000000000000010111111111000000000100000000000000000001000000000000000000010000000000000000000100000000000000000001000000000000000000001000000000000000000111111110000000000000100000000000000000001000000000000000000010000000000000000000100000000000000000001000000000000000000010000000000000000000100000000000000000001000000000000000000010000000000000000000100000000000000
0000000000000000000000001111111111110000000010000000000000000000100000000000000000001000000000000000000010000000000000000000100000000000000000001000011000000000000011111000000000000000010000000000000000000100000000000000000001000000000000000000010000000000000000000100000000000000000001000000000000000000010000000000000000000100000000000000000001000000000000000000100000000000000000000000000000000000
0000000000000000000000000000000001110000000011111111100000000000011000000000000000000100000000000000000001000000000000000000010000000000000000000100000000000000000001000000000000000000010000000000000000000100110000000000000001111000000000000000010000000000000000000100000000000000000001000000000000000000010000000000000000000100000000000000000001000000000000000000010000000000000000000000000000000000
0000000000000000000000001111111111110000000010000000000000000000100000000000000000001000000000000000000010000000000000000000100000000000000000001000000000000000000010111110000000000000111000000000000000001000000000000000000010000000000000000000100000000000000000001000000000000000000010000000000000000000100000000000000000001000000000000000000010000000000000000000100000000000000000000000000000000000
0000000000000000000000001111111111111000000010000000000000000000000000000000000000000100000000000000000001000000000000000000010000000000000000000000000000000000000001000000000000000000010011110000000000000111000000000000000001000000000000000000010000000000000000000100000000000000000001000000000000000000010000000000000000000100000000000000000001000000000000000000010000000000000000001000000000000000
0000110000000000000000001111111111110000000010000000000000000000100000000000000000001000000000000000000000000000000000000000100000000000000000001000000000000000000010000011100000000000111111100000000000001100000000000000000010000000000000000000100000000000000000001000000000000000000010000000000000000000100000000000000000001000000000000000000010000000000000000000100000000000000000001000000000000000
0000000000000000100000001111111111111000000010000000000000000000100000000000000000001000000000000000000010000000000000000000100000000000000000001000000000000000000010000111100000000000111110000000000000001000000000000000000000000000000000000000100000000000000000000100000000000000000001000000000000000000010000000000000000000100000000000000000011000000000000000000100000000000000000001000000000000000
0000000000000000000000000001111111100000000011100000000000000000100000000000000000001000000000000000000010000000000000000000100000000000000000001000000000000000000010000000000000000000100111110000000000001111000000000000000001000000000000000000010000000000000000000100000000000000000001000000000000000000010000000000000000000100000000000000000001000000000000000000010000000000000000001000000000000000
0000000000000000000000001111111111111000000001110000000000000000010000000000000000000100000000000000000001000000000000000000010000000000000000000100000000000000000001000000000000000000010111110000000000000110000000000000000001000000000000000000000000000000000000000100000000000000000001000000000000000000010000000000000000000100000000000000000001000000000000000000010000000000000000000000000000000000
0000000000000000000000111111111111110000001010000000000000000000100000000000000000001000000000000000000010000000000000000000100000000000000000001000000000000000000010000000000000000000100000000000000000001111100000000000000010000000000000000000100000000000000000001000000000000000000010000000000000000000100000000000000000001000000000000000000010000000000000000000100000000000000000001000000000000000
0000000000000000000000000000000000000000000111111111111000000000010000000000000000000100000000000000000000000000000000000000010000000000000000000100000000000000000001000000000000000000010000000000000000000100000000000000000001111100000000000000010000000000000000000100000000000000000001000000000000000000010000000000000000000100000000000000000001000000000000000000010000000000000000000100000000000000
0000000000000000000000011111111011111100000000100000000000000000001000000000000000000010000000000000000000100000000000000000000000000000000000000010000000000000000000100000000000000000001000000000000000000011111110000000000000010000000000000000000000000000000000000001000000000000000000010000000000000000000100000000000000000001000000000000000000100000000000000000001000000000000000000010000000000000
0000000000000000000000011111111111111000000111000000000000000000010000000000000000000100000000000000000001000000000000000000010000000000000000000100000000000000000001000000000000000000010111100000000000000110000000000000000001000000000000000000010000000000000000001000000000000000000010000000000000000000100000000000000000000100000000000000000001000000000000000000100000000000000000001000000000000000
0000000000000000000000111011111111100000000010000000001000000000100000000000000000001000000000000000000010000000000000000000100000000000000000000000000000000000000010000000000000000000111111100000000000001000000000000000000000000000000000000000100000000000000000001000000000000000000010000000000000000000100000000000000000001000000000000000000010000000000000000000100000000000000000000000000000000000
0001100000000000000000011111101011110000000001000000000000000000010000000000000000000000000000000000000001000000000000000000010000000000000000000100011111100000000001111000000000000000001000000000000000000010000000000000000000100000000000000000001000000000000000000010000000000000000000100000000000000000001000000000000000000010000000000000000000100000000000000000001000000000000000000010000000000000
0000100000000111110000001111101010000000000010000000000000000000100000000000000000001000000000000000000010000000000000000000100000000000000000000000000000000000000001000011000000000000010011100000000000000111000000000000000000000000000000000000010000000000000000000100000000000000000001000000000000000000010000000000000000000100000000000000000001000000000000000000010000000000000000000100000000000000
0000000000000000000000001000000001111000000011111101100000000000100000000000000000001000000000000000000010000000000000000000100000000000000000001000000000000000000001000000000000000000000000000000000000001111111000000000000001000000000000000000010000000000000000000100000000000000000001000000000000000000010000000000000000000100000000000000000001000000000000000000110000000000000000000000000000000000
0000000000000000000000000000000000000000000001001111111110000000111100000000000000000100000000000000000001000000000000000000010000000000000000000100000000000000000001000000000000000000010000000000000000000000110000000000000001111000000000000000010000000000000000000100000000000000000000000000000000000000010000000000000000000100000000000000000001000000000000000000010000000000000000000100000000000000
0000000000000000000000000000000000000000000011001111011011100000011100000000000000000100000000000000000001000000000000000000010000000000000000000100000000000000000000000000000000000000010000000000000000000100001000000000000001111110000000000000010000000000000000000100000000000000000001000000000000000000010000000000000000000100000000000000000001000000000000000000010000000000000000000100000000000000
0000000000000000000000000000001101110000000001111100000000000000010000000000000000000100000000000000000001000000000000000000001000000000000000000010000000000000000000100000000000000000001000000000000000000010000000000000000000100110000000000000001110000000000000000010000000000000000000100000000000000000001000000000000000000010000000000000000000100000000000000000001000000000000000000110000000000000
0000000000000111000000000001011110000000000001100000000000000000010000000000000000000100000000000000000001000000000000000000010000000000000000000000000000000000000001000000000000000000010000000000000000000100111000000000000001110000000000000000010000000000000000000100000000000000000001000000000000000000010000000000000000000100000000000000000001000000000000000000010000000000000000000000000000000000
0000000000000000000000000000001111111100000001111000000000000000011000000000000000000010000000000000000000000000000000000000001000000000000000000010000000000000000000100000000000000000001000110000000000000010111000000000000000110000000000000000001000000000000000000010000000000000000000100000000000000000001000000000000000000010000000000000000001000000000000000000010000000000000000000000000000000000
0000000000000000000000000000000011100000000001111111000000000000010000000000000000000100000000000000000001000000000000000000010000000000000000000100000000000000000000000000000000000000010011100000000000000111000000000000000001000000000000000000010000000000000000000100000000000000000001000000000000000000010000000000000000000100000000000000000001000000000000000000000000000000000000000000000000000000
0000000000000000000000000000011111111000000001111000000000000000010000000000000000000100000000000000000001000000000000000000010000000000000000000100000000000000000001000000000000000000010000010000000000000011111100000000000000100000000000000000001000000000000000000010000000000000000000100000000000000000001000000000000000000010000000000000000000100000000000000000011000000000000000000110000000000000
0000000000000000000000000000111111110000000001110000000000000000010000000000000000000100000000000000000001000000000000000000010000000000000000000000000000000000000001000000000000000000011111000000000000000110000000000000000001000000000000000000010000000000000000000100000000000000000001000000000000000000010000000000000000000100000000000000000001000000000000000000000000000000000000000000000000000000
0000000000000000000000000000001111000000000001111100000000000000010000000000000000000100000000000000000001000000000000000000010000000000000000000100000000000000000001000000000000000000011011000000000000000101100000000000000001000000000000000000010000000000000000000100000000000000000001000000000000000000010000000000000000000100000000000000000001000000000000000000010000000000000000000000000000000000
0000000000000111100000000011111100000000000001100000000000000000010000000000000000000100000000000000000001000000000000000000000000000000000000000100000000000000000001000000000000000000010000000000000000000100000000000000000001101100000000000000010000000000000000000100000000000000000001000000000000000000010000000000000000000000000000000000000001000000000000000000010000000000000000000100000000000000
0000011100011111100000000101101000000000000001000000000000000000010000000000000000000100000000000000000001000000000000000000000000000000000000000100000000000000000001000000000000000000011000000000000000000111111000000000000001000000000000000000000000000000000000000100000000000000000001000000000000000000100000000000000000001000000000000000000010000000000000000000000000000000000000000000000000000000
0000000000000000000000001100011111111100000001111000000000000000010000000000000000000100000000000000000001000000000000000000010000000000000000000100000000000000000001000000000000000000010000000000000000000111111100000000000000000000000000000000010000000000000000000100000000000000000001000000000000000000000000000000000000000100000000000000000001000000000000000000010000000000000000000000000000000000
0000000000000000000000001100111001100000000010110001111100000000100000000000000000000100000000000000000001000000000000000000000000000000000000000100000000000000000001000000000000000000010000000000000000000100001000000000000001111110000000000000010000000000000000000100000000000000000001000000000000000000010000000000000000000100000000000000000001000000000000000000010000000000000000000000000000000000
0000000000000000000000001000000111111100000011111110000000000000100000000000000000001000000000000000000001000000000000000000010000000000000000000100000000000000000001000000000000000000000000000000000000000111111000000000000001000000000000000000010000000000000000000100000000000000000000000000000000000000010000000000000000000100000000000000000001000000000000000000000000000000000000000000000000000000
0000000000000000000000000111111111111000000010000000000000000000100000000000000000001000000000000000000010000000000000000000100000000000000000001000000000000000000010000000000000000000100111100000000000001111001000000000000000000000000000000000100000000000000000001000000000000000000010000000000000000000100000000000000000001000000000000000000010000000000000000000100000000000000000000000000000000000
0000000000000000000000001001101111111000000011110000000000000000100000000000000000001000000000000000000010000000000000000000100000000000000000000000000000000000000010000000000000000000100000000000000000001111110000000000000010000000000000000000100000000000000000001000000000000000000010000000000000000000100000000000000000001000000000000000000010000000000000000000100000000000000000000000000000000000
0000000000000000000000000111111111111100000001000000000000000000010000000000000000000100000000000000000001000000000000000000010000000000000000000100000000000000000000000000000000000000010000111100000000000111110000000000000001000000000000000000000000000000000000000100000000000000000001000000000000000000010000000000000000000100000000000000000001000000000000000000010000000000000000000000000000000000
0000000000000000110000001000000110110100000011111110000000000000100000000000000000001000000000000000000010000000000000000000100000000000000000001000000000000000000010000000000000000000010000000000000000000100111100000000000001110000000000000000010000000000000000000100000000000000000001000000000000000000010000000000000000000100000000000000000001000000000000000000010000000000000000000100000000000000
0000000000000000000000001011100111100000000010000110001100000000100000000000000000001000000000000000000010000000000000000000010000000000000000000100000000000000000001000000000000000000010000000000000000000100000000000000000001111110000000000000010000000000000000000100000000000000000001000000000000000000010000000000000000000100000000000000000001000000000000000000010000000000000000000000000000000000
0000000000000000000000001000000000000000000011111011011110000000100000000000000000001000000000000000000010000000000000000000100000000000000000001000000000000000000000000000000000000000100000000000000000001111111100000000000010000000000000000000100000000000000000000000000000000000000010000000000000000000100000000000000000001000000000000000000010000000000000000000100000000000000000000000000000000000
0000000000000000000000001100101111011110000011110000000000000000100000000000000000001000000000000000000010000000000000000000100000000000000000001000000000000000000010000000000000000000100000000000000000001000011110000000000001111100000000000000010000000000000000000100000000000000000001000000000000000000010000000000000000000100000000000000000001000000000000000000010000000000000000000100000000000000
0000000000000000000000001000000111110000000011111110000000000000100000000000000000001000000000000000000010000000000000000000100000000000000000001000000000000000000010000000000000000000100000011000000000001111111100000000000010000000000000000000100000000000000000001000000000000000000010000000000000000000100000000000000000001000000000000000000010000000000000000000100000000000000000000000000000000000
0000000000000000000000001000000000100000000011101101110000000000100000000000000000001000000000000000000010000000000000000001100000000000000000010000000000000000000110000000000000000000100000000000000000001000000000000000000011111000000000000000100000000000000000001000000000000000000010000000000000000000100000000000000000001000000000000000000010000000000000000000000000000000000000000000000000000000
0000000000000000000000000100000001100000000001111110100110000000010000000000000000000100000000000000000001000000000000000000000000000000000000000100000000000000000001000000000000000000010000000000000000000111111100000000000001000000000000000000010000000000000000000100000000000000000001000000000000000000010000000000000000000100000000000000000001000000000000000000010000000000000000000000000000000000
0000000000000000000000001100000111111000000011111110000000000000100000000000000000001000000000000000000010000000000000000000100000000000000000001000000000000000000010000000000000000000111110000000000000001000000000000000000010000000000000000000100000000000000000001000000000000000000010000000000000000000100000000000000000001000000000000000000011000000000000000000000000000000000000000000000000000000
0000000000000000000000010000000000001000000011000011111110000000101111100000000000001000000000000000000010000000000000000000100000000000000000001000000000000000000010000000000000000000000000000000000000001011111000000000000011100000000000000000100000000000000000001000000000000000000010000000000000000000100000000000000000001000000000000000000010000000000000000000110000000000000000000000000000000000
0000100000000000000000001000000000000000000010000111111111100000111100000000000000000100000000000000000001000000000000000000010000000000000000000100000000000000000001000000000000000000000000000000000000000100000000000000000001111110000000000000010000000000000000000100000000000000000001000000000000000000010000000000000000000100000000000000000001000000000000000000010000000000000000000100000000000000
0000000000000000000000000000000001110000000011001111110000000000011110000000000000000100000000000000000001000000000000000000010000000000000000000100000000000000000001000000000000000000010000000000000000000100000000000000000001111111000000000000010000000000000000000100000000000000000000100000000000000000001000000000000000000000000000000000000000100000000000000000011000000000000000000010000000000000
0000000000001111100000000100011110000000000001111000000000000000010000000000000000000010000000000000000000100000000000000000001000000000000000000010000010000000000000100111100000000000001111000000000000000010000000000000000000100000000000000000001000000000000000000010000000000000000000100000000000000000001000000000000000000010000000000000000000100000000000000000001000000000000000000000000000000000
0000000000000000000000000100000111111100000001111110000000000000111000000000000000000100000000000000000001000000000000000000010000000000000000000100000000000000000011000000000000000000100111100000000000001111000000000000000001000000000000000000010000000000000000000100000000000000000001000000000000000000010000000000000000000100000000000000000001000000000000000000010000000000000000000000000000000000
0000000000000000000000000100000011111100000001111111000000000000000000000000000000000100000000000000000001000000000000000000010000000000000000000000000000000000000001000000000000000000010000000000000000000110011100000000000000111000000000000000001000000000000000000010000000000000000000100000000000000000001000000000000000000010000000000000000000100000000000000000001000000000000000000010000000000000
0000000000000000000000000000000000001110000010000011111110000001111111000000000000010100000000000000000001000000000000000000010000000000000000000100000000000000000001000000000000000000010000000000000000000100001110000000000001011100000000000000011000000000000000000100000000000000000001000000000000000000010000000000000000000100000000000000000001000000000000000000010000000000000000000100000000000000
0000000000000000011100000000000011011000000011111101000000000000010000000000000000000100000000000000000001000000000000000000010000000000000000000010000000000000000000000000001000000000001000111110000000000111010000000000000000000000000000000000001000000000000000000010000000000000000000100000000000000000001000000000000000000010000000000000000000100000000000000000000000000000000000000000000000000000
0000000000000111100000001000001111000000000011111000000000000000100000000000000000001000000000000000000010000000000000000000100000000000000000001000000000000000000010000000000000000000100000000000000000001000011100000000000011111000000000000000100000000000000000001000000000000000000011000000000000000000010000000000000000000100000000000000000001000000000000000000010000000000000000000000000000000000
0000000000000011000000000011111111000000000011000000000000000000100000000000000000001000000000000000000010000000000000000000100000000000000000001000000000000000000000000000000000000000100111000000000000001110000000000000000010000000000000000000100000000000000000000000000000000000000010000000000000000000100000000000000000001000000000000000000010000000000000000000100000000000000000000000000000000000
0000000000000000000000001111111111111000000100000000000000000000100000000000000000001000000000000000000010000000000000000000100000000000000000001000000000000000000010000000000000000000111111100000000000000000000000000000000010000000000000000000100000000000000000001000000000000000000010000000000000000000100000000000000000001000000000000000000010000000000000000000100000000000000000000000000000000000
0000010000000111100000001111111110000000000010000000000000000000100000000000000000001000000000000000000010000000000000000000000000000000000000001000000000000000000010000000000000000000111111000000000000001000000000000000000010000000000000000000100000000000000000001000000000000000000010000000000000000000100000000000000000001000000000000000000010000000000000000000000000000000000000000000000000000000
0000000000000000000000000000000111100000000011111111001000000000010000000000000000000100000000000000000001000000000000000000010000000000000000000100000000000000000001000000000000000000011110000000000000000100000000000000000001000000000000000000010000000000000000000100000000000000000001100000000000000000001000000000000000000110000000000000000000000000000000000000000000000000000000000000000000000000
0000000000000111000000001000110110010000000011110000000000000000100000000000000000001000000000000000000010000000000000000000100000000000000000001000000000000000000010000000000000000000111110000000000000001000000000000000000001000000000000000000010000000000000000000100000000000000000000000000000000000000010000000000000000001100000000000000000010000000000000000000000000000000000000000000000000000000
0000000000000001000000001111111111100000000010000000000000000000100000000000000000001000000000000000000010000000000000000000100000000000000000001000000000000000000000000000000000000000111111100000000000001000000000000000000010000000000000000000100000000000000000001000000000000000000010000000000000000000100000000000000000001000000000000000000011000000000000000000000000000000000000000000000000000000
0000100000011111000000001111011000000000000010000000000000000000100000000000000000001000000000000000000010000000000000000000100000000000000000000000000000000000000010000000000000000000100000000000000000001111100000000000000010000000000000000000100000000000000000001000000000000000000010000000000000000000100000000000000000001000000000000000000010000000000000000000000000000000000000000000000000000000
0000000000000000000000001000000000000000000111111110111100000000100000000000000000001000000000000000000010000000000000000000100000000000000000001000000000000000000010000000000000000000100000000000000000001111100000000000000011000000000000000000100000000000000000001000000000000000000010000000000000000000010000000000000000000100000000000000000001000000000000000000010000000000000000000000000000000000
0000000000001111110000000011011100000000000000100000000000000000001000000000000000000010000000000000000000100000000000000000001000000000000000000000000000000000000000100000000000000000001011111000000000000011000000000000000000100000000000000000001000000000000000000010000000000000000000100000000000000000001000000000000000000010000000000000000000100000000000000000000000000000000000000000000000000000
0000000000000000000000011000000111111000000111101100000000000000100000000000000000001000000000000000000010000000000000000000100000000000000000001000000000000000000010000000000000000000100001100000000000001111100000000000000000000000000000000000100000000000000000001000000000000000000001000000000000000000010000000000000000000100000000000000000001000000000000000000010000000000000000000000000000000000
0000000000111111000000011111111100000000000100000000000000000001000000000000000000001000000000000000000010000000000000000000100000000000000000001000000000000000000010000000000000000000100111111000000000001110000000000000000010000000000000000000100000000000000000001000000000000000000010000000000000000000100000000000000000001000000000000000000010000000000000000000100000000000000000000000000000000000
0000000000001111100000000000111100000000000011110000000000000000100000000000000000001000000000000000000010000000000000000000100000000000000000001000000000000000000010000001110000000000100001110000000000001111100000000000000010000000000000000000100000000000000000001000000000000000000010000000000000000000100000000000000000001000000000000000000010000000000000000000000000000000000000000000000000000000
0000000000000000000000000000000011110000000010011111000000000001111000000000000000001000000000000000000010000000000000000000100000000000000000001000000000000000000010000000000000000000100011110000000000001111000000000000000010000000000000000000100000000000000000001000000000000000000010000000000000000000100000000000000000001000000000000000000010000000000000000000100000000000000000000000000000000000
0000000000000000000000000000000011111000000011111110100000000000100000000000000000001000000000000000000010000000000000000000100000000000000000000100000000000000000001000000000000000000010001111000000000000111100000000000000001000000000000000000010000000000000000000100000000000000000001000000000000000000010000000000000000000100000000000000000001000000000000000000000000000000000000000000000000000000
0000000000000000010000000000000001111000000011100011100000000000100111000000000000001000000000000000000010000000000000000000100000000000000000001000000000000000000010000001000000000000010011110000000000000111000000000000000010000000000000000000100000000000000000001000000000000000000010000000000000000000100000000000000000001100000000000000000001000000000000000000000000000000000000000000000000000000
0000000000000000000000000000000000000000000010000001111110000000111111100000000000001000000000000000000010000000000000000000100000000000000000001000000000000000000010000000000000000000000000000000000000001000111000000000000011111000000000000000100000000000000000001000000000000000000010000000000000000000100000000000000000001000000000000000000010000000000000000000100000000000000000000000000000000000
0000000000000000000000000100000000000000000001100000011111000000011110111000000000000100000000000000000001000000000000000000010000000000000000000010000000000000000000000000110000000000001001111000000000000011100000000000000000000000000000000000001000000000000000000010000000000000000000100000000000000000001000000000000000000010000000000000000000000000000000000000000000000000000000000000000000000000
0000000000000000000000000000000001111000000001100111100000000000011110000000000000000100000000000000000001000000000000000000010000000000000000000100000000000000000001000000000000000000010000001000000000000100011100000000000001111000000000000000010000000000000000000100000000000000000001000000000000000000010000000000000000000110000000000000000001000000000000000000000000000000000000000000000000000000
0000000000000000000000000000000000111000000001100001010000000000011111100000000000000100000000000000000001000000000000000000010000000000000000000100000000000000000000000000000000000000010000111000000000000111111000000000000001000000000000000000010000000000000000000100000000000000000001000000000000000000010000000000000000000100000000000000000001000000000000000000000000000000000000000000000000000000
0000000000000000110000000000000001110000000001111111100000000000001000000000000000000010000000000000000000100000000000000000001000000000000000000010000000000000000000100000000000000000001000000000000000000011111000000000000000100000000000000000001000000000000000000010000000000000000001000000000000000000010000000000000000000110000000000000000001000000000000000000000000000000000000000000000000000000
0000000000000000000000000000000000011100000001000000111100000000010001110000000000000111100000000000000001000000000000000000010000000000000000000100000000000000000001000000000000000000010000000000000000000100011100000000000001011100000000000000010000000000000000000100000000000000000001000000000000000000010000000000000000000100000000000000000001000000000000000000000000000000000000000000000000000000
0000000000000011000000000010001111100000000000001100000000000000001100000000000000000010000000000000000000100000000000000000001000000000000000000000000000000000000000100000000000000000001001100000000000000011100000000000000000000000000000000000001000000000000000000010000000000000000000100000000000000000010000000000000000000100000000000000000001000000000000000000000000000000000000000000000000000000
0000000000000001110000000000000011100000000001111111000000000000010000000000000000000100000000000000000001000000000000000000010000000000000000000100000000000000000001000000000000000000010000001100000000000110011100000000000001111000000000000000010000000000000000000100000000000000000001000000000000000000010000000000000000000100000000000000000001000000000000000000010000000000000000000000000000000000
0000000000000000110000000000000001110000000001000001100000000000011111000000000000000100000000000000000001000000000000000000010000000000000000000100000000000000000000000000000000000000010000000000000000000100011100000000000001110000000000000000010000000000000000000000000000000000000001000000000000000000010000000000000000001100000000000000000010000000000000000000100000000000000000000000000000000000
0000000000000000000000000000000000111100000001100001110000000000010111100000000000000100000000000000000001000000000000000000010000000000000000000100000000000000000001000000000000000000010000000000000000000100001110000000000001111100000000000000010000000000000000000100000000000000000001000000000000000000010000000000000000000100000000000000000001000000000000000000110000000000000000001000000000000000
0000000000000000000000001000000000001110000010000000011110000000100011011000000000001111000000000000000010000000000000000000100000000000000000000000000000000000000010000000000000000000100000000000000000001000000000000000000010000111000000000000101110000000000000001110000000000000000000000000000000000000100000000000000000001000000000000000000010000000000000000000100000000000000000001000000000000000
0000000000000000000000000000000000001110000010000001111000000000111111100000000000000100000000000000000001000000000000000000010000000000000000000000000000000000000001000000000000000000010000000000000000000100001100000000000001111100000000000000010000000000000000001000000000000000000010000000000000000000100000000000000000001000000000000000000000000000000000000000100000000000000000001000000000000000
0000000000000011110000000000000101000000000011011010000000000000011000000000000000000100000000000000000001000000000000000000010000000000000000000000000000000000000001000000000000000000001000100000000000000011111000000000000000100000000000000000001000000000000000000010000000000000000000100000000000000000010000000000000000000100000000000000000001000000000000000000010000000000000000000100000000000000
0000000000000000111000001000001011110000000001111100000000000000010000000000000000000100000000000000000001000000000000000000010000000000000000000100000000000000000001000000100000000000010000110000000000000111110000000000000010000000000000000000100000000000000000000000000000000000000010000000000000000000100000000000000000001000000000000000000010000000000000000000100000000000000000000000000000000000
0000000000000000000000000000000000111110000001011111110000000000011000000000000000000100000000000000000001000000000000000000010000000000000000000100000000000000000001000000000000000000010000000000000000000100000000000000000001001111100000000000011110000000000000000100000000000000000001000000000000000000000000000000000000000100000000000000000001000000000000000000010000000000000000000000000000000000