0000000000000000000000000000000011000000000000000111010000000000000011000000000000000001100000000000000000010000000000000000001000000000000000000010000000000000000001000000000000000000010000000000000000000100000000000000000010000000000000000000100000000000000000001000000000000000000010000000011111000000010000000100010000000100000000000100000001100000000001000000000100000001100000000000111111110000
0000000000000000000000000000000000000000000000000111100000000000000011000000000000000001000000000000000000100000000000000000001000000000000000000100000000000000000011000000000000000000100000000000000000011000000000000000000100000000000000000001000000001111100000010000000000011000000100000000000010000001100000000000110000001100000000011100000001110000001101000000000011111110000000000000000000000000
0000000000000000000000000000001110000000000000001100000000000000000110000000000000000011000000000000000001100000000000000000010000000000000000001000000000000000000010000000000000000001000000000000000000010000000000000000000100000000000000000001000000011111000000010000000000110000000100000000000100000001000000000001000000001000000000110000000001100000011100000000001111111101000000000000000000010000
0000000000000000000000000000001111000000000000001100000000000000001100000000000000000110000000000000000001000000000000000000100000000000000000001000000000000000000010000000000000000001000000000000000000000000000000000000000100000000000000000001000000011111000000001000000000010000000010000000000100000000100000000111000000000100000011010000000000111111100100000000000000000001000000000000000000000000
0000000000000000000000000000000111100000000000000111001000000000000110000000000000000110000000000000000010000000000000000001000000000000000000010000000000000000000100000000000000000001000000000000000000010000000000000000000100000000000000000001000000001110000000001000000011111000000010000000000010000000110000000001100000000111000000111000000000001111110010000000000000000000000000000000000000000000
0000000000000000000000000000001111100000000000000100000000000000000010000000000000000011000000000000000001100000000000000000010000000000000000001000000000000000000010000000000000000000100000000000000000010000000000000000000100000000000000000001000000001111000000010000000000010000000010000000000100000000010000000011000000000111000001110000000000011111100100000000000000000001000000000000000000000000
0000000000000000000000000000000000110000000000001111111000000000001100000000000000000010000000000000000011000000000000000000100000000000000000001000000000000000000010000000000000000001000000000000000000010000000000000000000100000000000000000001000000000000000000010000000001110000000100000000011100000000100000000001000000000100000000110000000000111000011100000000000001111001000000000000000000000000
0000000000000000000000000000000000000000000000000011111000000000000011000000000000000011000000000000000001100000000000000000010000000000000000001000000000000000000010000000000000000001000000000000000000010000000000000000000100000000000000000001000000000000000000010000000001100000000100000000011110000000100000000001100000000110000000110000000000011111110100000000000000000011000000000000000000100000
0000000000000000000000000000001111100000000000001100000000000000001100000000000000000110000000000000000001000000000000000000100000000000000000001000000000000000000110000000000000000001000000000000000000000000000000000000000100000000000000000001000000000000000000001000000011110000000010000000000100000000010000000011000000000011000011110000000000011111100100000000000000000001000000000000000000000000
0000000000000000000000000000111111110000000000010000000000000000001100000000000000000110000000000000000000000000000000000000010000000000000000001000000000000000000010000000000000000000100000000000000000001000000000000000000010000000000000000000100000000011100000000100000000001000000001000000000110000000001100000010100000000000111111001000000000000000000010000000000000000000100000000000000000000000
0000000000000000000000000000000000110000000000000111110100000000000110000000000000000011000000000000000000100000000000000000010000000000000000000100000000000000000010000000000000000000100000000000000000001000000000000000000010000000000000000000100000000000000000001000000000000000000010000000011110000000100000000001100000001000000000011000000011100000011110000000000111111000100000000000000000000000
0000000000000000000000000000000011100000000000000111100000000000000011000000000000000011000000000000000001100000000000000000010000000000000000001000000000000000000010000000000000000000100000000000000000001000000000000000000010000000000000000000100000000000000000001000000000000000000011000000001110000000001000000111100000000011110000111000000000000111111010000000000000000000100000000000000000000000
0000000000000000000000000000000000000000000000000111111000000000000110000000000000000010000000000000000001100000000000000000010000000000000000001000000000000000000010000000000000000000100000000000000000001000000000000000000010000000000000000000100000000000000000001000000001111000000010000000000110000000010000000001100000000110000000101000000000111111110010000000000000000000100000000000000000000000
0000000000000000000000000000000000000000000000000001111100000000000011100000000000000001000000000000000000100000000000000000010000000000000000000100000000000000000001000000000000000000110000000000000000001000000000000000000010000000000000000000100000000000000000000100000011111000000001000000000110000000001000000001100000000001100001101000000000001111110110000000000000000000000000000000000000000000
0000000000000000000000000000000000000000000000000111110000000000001110000000000000000110000000000000000001000000000000000000100000000000000000001000000000000000000100000000000000000001000000000000000000010000000000000000000100000000000000000001000000000000000000010000000001110000000100000000010100000001000000000001000000011000000001110000000001011111110100000000000000000001000000000000000000000000
0000000000000000000000000000000000000000000000000011111000000000000111000010000000000010000000000000000001100000000000000000100000000000000000010000000000000000000100000000000000000001000000000000000000010000000000000000000100000000000000000001000000000000000000010000000011110000000100000000000100000000100000000001000000001100000001110000000000111011100100000000000000000000000000000000000000000000
0000000000000000000000000000000000000000000000000011111000000000000011000000000000000001000000000000000000100000000000000000001000000000000000000100000000000000000001000000000000000000010000000000000000001000000000000000000010000000000000000000100000000011000000001000000111110000000010000000001110000000010000000011100000000110000001110000000000011111100100000000000000000000000000000000000000000000
0000000000000000000000000000000000000000000000011111111100000000001000000000000000000100000000000000000010000000000000000000100000000000000000010000000000000000000100000000000000000001000000000000000000010000000000000000001000000000111000000010000000000111100000100000000000001000000100000000000010000000100000000001000000001100000001100000000000101101100000000000000000000000000000000000000000000000
0000000000000000000000000000000011100000000000000011100000000000000011000000000000000001100000000000000000110000000000000000001000000000000000000100000000000000000001000000000000000000100000000000000000001000000000000000000010000000000000000000100000011110000000001000000000111000000010000000000010000000100000000000100000001100000000011000000001100000011010000000001111111101100000000000000000000000
0000000000000000000000000000000011100000000000001111000000000000000100000000000000000010000000000000000001000000000000000000100000000000000000001000000000000000000100000000000000000000000000000000000000010000000000000000000100000111111100000001000000000001000000001000000000110000000010000000001000000000011000001110000000000001111100100000000000000000000000000000000000000000000000000000000000000000
0000000000000000000000000000000111000000000000000110001000000000000010000000000000000001000000000000000000100000000000000000001000000000000000000100000000000000000001000000000000000000100000000000000000001000000000000000000010000000000110000000100000011111100000001000000000001000000010000000000010000000100000000001100000001100000000111000000001100000011010000000000111111000100000000000000000000000
0000000000000000000000000000001100000000000000011101111000000000000000000011000000000010000000000000000000100000000000000000010000000000000000000000000000000000000001000000000000000000010000000000000000000100000000000000000001000000000000000000010000000111100000000100000000001000000001000000000010000000010000000001100000000010000001101000000000010111110010000000000000000000000000000000000000000000
0000000000000000000000000000000000000000000000001111100000000000001110001110000000000110000000100000000001000000000000000000000000000000000000001000000000000000000010000000000000000001000000000000000000010000000000000000000100000000000000000001000000000111000000010000000000011000000100000000000010000000100000000001100000000100000000111000000001110111110010000000000000000001000000000000000000000000
0000000000000000000000000001111111100000000000100000000100000000010000000000100000001000000000000000000100000000000000000001000000000000000000000000000000000000000100000000000000000001000000000000000000100000000000000000001000000000000000000001000000000011100000010000000000111000000010000000000011000000100000000001110000000100000000111000000001110000011010000000000011111100100000000000000000000000
0000000000000000000000000001111110000000000000100000011000000000010000000001100000000100000000000000000010000000000000000000100000000000000000000000000000000000000100000000000000000001000000000000000000100000000000000000000000000000000000000010000000011111100000100000000000011000001000000000000010000010000000000001100000100000000000011000000100000000011010000000111100001100100000000000111000001000
0000000000000000000000000011111110000000000001000000110000000000100000000011000000011000000000011000000100000000000000000010000000000000000000100000000000000000001000000000000000000100000000000000000001000000000000000000010000000000000000000100000000000000000001000000000111111000010000000000111110000010000000000000100000100000000000011000000100000000001110000000111000011100100000000001111000001000
0000000000000000000000000001111100000000000001100001010000000000100000000110000000011000000000010000000100000000000010000010000000000000100000100000000000000000010000000000000000000000000000000000000001000000000000000000010000000000000000000000000000001100000010000000000011111000100000000000000010000100000000000000100001000000000000011000001000000000001110000011000000000010100000001100000011001100
0000000000000000000000000000011111100000000000010100000100000000001100000000110000000010000000000000000001000000000000000001100000000000000000010000000000000000001000000000000000000010000000000000000000100000000000000000001000000000000000000010000000000000000000100000000011110000000000000001111110000010000000000000100000100000000000001000000100000000000010000000011100000001100000000001101001101000
0000000000000000000000000000001111110000000000000110000010000000000110000000000000000011000000000000000000100000000000000000010000000000000000000000000000000000000001000000000000000000010000000000000000000100000000000000000001000000000000000000010000000111110000000000000000001100000001000000000001000000001000000000110000000011100000011100000000000111111001000000000000000000010000000000000000000000
0000000001100000000000000001100111110000000000100000000010000000110000000000000000001000000000000000000100000000000000000011000000000000000000100000000000000000001000000000000000000010000000000000000000100000000000000000001100000000000000000001000000000011100000010000000000011100000010000000000001000000100000000000110000000100000000011100000000110111111101000000000000000000010000000000000000000000
0000000011111000000000000011100011100000000001100000000100000000110000000000000000010000000000000000001100000000000000000010000000000000000001100000000000000000000000000000000000000100000000000000000001000000000000000000010000000000000000000100000000011111100000100000000111011000001000000000000010000010000000000000100000010000000000011000000011100000001110000000001111111100100000000000000000000000
0000000000000000000000000000111111110000000000010000000100000000011000000000000000001000000000000000000100000000000000000000000000000000000000100000000000000000001000000000000000000100000000000000000001000000000000000000010000000000000000000100000000000000000001000000000000000000010000000000111110000010000000000000100000100000000000011000000100000000001110000000110000000100100000000011111010000000
0000000000000000000000000000111111100000000000110000000100000000010000000000000000011000000000000000000100000000000000000010000000000000000001000000000000000000010000000000000000000100000000000000000001000000000000000000010000000000000000000010000000000000000000100000000000000000001000000000001111000001000000000000010000011000000000001100000011110000000111000000000111111110110000000000000000000000
0000000000000000000000000000111111100000000000110000000000000000001000000000000000000100000000000000000110000000000000000001000000000000000000100000000000000000000000000000000000000010000000000000000000100000000000000000001000000000000000000010000000011110000000100000000000100000001100000000001000000001000000000010000000001100000001100000000001111111111000000000000000000000000000000000000000000000
0000000000000000000000000000000110100000000000011110000000000000010100000000000000001000000000000000000100000000000000000001000000000000000000100000000000000000001000000000000000000000000000000000000000100000000000000000001000000000000000000010000000011110000000010000000000110000000100000000000100000001000000000001100000001000000000101000000001000000110010000000001111110000100000000000000000000000
0000000000000000000000000000110110000000000000001000001000000000000100000000000000000010000000000000000001000000000000000000100000000000000000011000000000000000000100000000000000000010000000000000000000100000000000000000001000000000000000000010000000000000000000100000000000000000001000000000111100000010000000000001000000010000000000011000000010000000001110000000011111100110100000000000001110001000
0000000000000000000000000000000000000000000000010111011100000000011100000000000000000100000000000000000110000000000000000010000000000000000000100000000000000000000000000000000000000100000000000000000001000000000000000000010000000000000000000100000000000000000001000000001111100000001000000000001100000011000000000001100000010000000000011000000010000000001110000000010000000110100000000011101111001000
0000000000000000000000000000111111100000000000010000000000000000001000000000000000001100000000000000000010000000000000000001000000000000000000100000000000000000001000000000000000000010000000000000000001000000000000000000010000000000000000000000000000000000000001000000000111110000001000000000001100000010000000000001100000010000000000011000000010000000001110000000011110000100100000000000011110000000
0000000000000000000000000000111111100000000000010000000000000000001000000000000000000100000000000000000010000000000000000001000000000000000000010000000000000000000000000000000000000001000000000000000000010000000000000000000100000000000000000000000000000000000000010000000111110000000100000000001110000001000000000001100000001000000000011000000011000000001010000000001110001100100000000000111100001000
0000000000011110000000000000101000000000000000110000000000000000010000000000000000000000000000000000000110000000000000000001000000000000000000100000000000000000001000000000000000000010000000000000000000100000000000000000001000000000000000000010000000111110000000100000000000110000001000000000000100000000000000000001000000011000000000010000000001100000011100000000000111111000000000000000000000000000
0000000000001000000000000000011101110000000000010000000000000000001000000000000000001100000000000000000100000000000000000010000000000000000000100000000000000000010000000000000000000000000000000000000001000000000000000000010000000000000000000100000000001111000000100000000000010000001000000000000100000000000000000011000000011000000000110000000001100000010100000000001111011001000000000000000000000000
0000000001111100000000000001100000100000000000100000000000000000010000000000000000001000000000000000000100000000000000000001000000000000000000100000000000000000001000000000000000000100000000000000000001000000000000000000010000000000000000000000000000011111000001000000000111111000001000000000000110000010000000000000100000010000000000011000000010111000001110000000000000111100100000000000000000000000
0000000000000000000000000000011111000000000000011000001000000000000100000000000000000110000000000000000011000000000000000000100000000000000000010000000000000000000100000000000000000010000000000000000000100000000000000000001000000000000000000010000000000000000000100000000011100000001000000000111100000010000000000001000000010000000000110000000110000000011100000000011111111001000000000000000000010000
0000000011111100000000000001000001100000000000100000001000000000010000000010000000011000000000000000000100000000000000000010000000000000000000100000000000000000010000000000000000000100000000000000000001000000000000000000010000000000000000000100000000001110000001000000000000110000011000000000000100000001000000000001000000001000000000110000000011000000011110000000001111001100100000000000001100000000
0000000000000000000000000001111111100000000000100000000000000000010000000000000000001000000000000000000100000000000000000001000000000000000000100000000000000000001000000000000000000010000000000000000001000000000000000000010000000000000100000100000000000011110000100000000000001100001000000000000001000010000000000000110000011000000000110100000011100000110010000000000111100000100000000000000000000000
0000000000000000000000000000111100000000000000001000101000000000001000000000000000000100000000000000000001000000000000000000100000000000000000010000000000000000000100000000000000000001000000000000000000100000000000000000001000000000000000000010000000000000000000100000000011110000000000000000001110000011000000000001100000011000000000011000000011000000001110000000001101111101100000000000000000000000
0000000000000000000000000001111111100000000000100000000000000000010000000000000000001000000000000000000100000000000000000001000000000000000000100000000000000000001000000000000000000010000000000000000001000000000000000000000000000000000000000100000000000000000000100000000001111000001000000000000110000010000000000000100000010000000000011000000011110000001110000000000111111100100000000000000000001000
0000000000000000000000000000101111100000000000011000000000000000001000000000000000000110000000000000000001000000000000000000100000000000000000000000000000000000000100000000000000000001000000000000000000010000000000000000000100000000000000000001000000000000000000010000000000000000000100000000001110000001000000000000100000001000000000001000000001000000000110000000001111111110100000000000000000000000
0000000000000000000000000000000111000000000000001110001000000000001100000000000000000100000000000000000010000000000000000001000000000000000000100000000000000000001000000000000000000010000000000000000000000000000000000000001000000000000000000010000000000000000000000000000000000000001000000000001110000001000000000000100000011000000000001000000001000000001110000000001101111110100000000000000000001000
0000000000000000000000000000111100000000000000110000111000000000011000000000000000001000000000000000000100000000000000000000000000000000000000010000000000000000001000000000000000000010000000000000000001000000000000000000010000000000000000000100000000000000000000100000000000000000001000000000001110000010000000000000100000010000000000001000000110000000000110000000011110111110100000000000000000001000
0000000000000000000000000000011111100000000000011000000000000000001000000000000000001100000000000000000010000000000000000001000000000000000000010000000000000000000100000000000000000010000000000000000000100000000000000000001000000000000000000010000000000111000000010000000011110000000100000000000110000001000000000001100000001000000000011000000001000000001010000000000111111100100000000000000000000000
0000000000000000000000000001111111000000000000110000000000000000010000000000000000000000000000000000000010000000000000000001000000000000000000100000000000000000001000000000000000000100000000000000000001000000000000000000010000000000000000000000000000000110000000100000000000110000001000000000000100000011000000000001000000001000000000010000000001100000000100000000001010000011100000000000011111001000
0000000000000000000000000000111110000000000000110000000000000000011000000000000000000100000000000000000010000000000000000000100000000000000000010000000000000000000100000000000000000001000000000000000000010000000000000000001000000000000000000010000000001110000000010000000000111000000100000000000110000001000000000000100000011000000000001000000010000000000110000000011000000011100000000001110111000000
0000000000001110000000000000011000000000000000001000000000000000010100000000000000000100000000000000000110000000000000000001000000000000000000100000000000000000001000000000000000000010000000000000000000100000000000000000001000000000000000000010000000000000000000100000000000000000001100000000011110000001000000000000100000001000000000001000000001100000000010000000000111000011100000000000001111101000
0000000000111100000000000001110000000000000000110000000000000000110000000000000000011000000000000000001000000000000000000010000000000000000000100000000000000000010000000000000000000100000000000000000001000000000000000000010000000000000000000100000000000000000000100000000011100000001000000000001100000001000000000001100000011000000000110000000001000000011100000000001111111001000000000000000000000000
0000000000000000000000000000001110100000000000001100000000000000000100000000000000000001000000000000000001000000000000000000100000000000000000001000000000000000000010000000000000000000000000000000000000010000000000000000000100000000000000000001000000000000000000000000000000000000000010000000011110000000100000000001100000000100000000011000000000100000001110000000000110000110100000000000011111001000
0000000000000000000000000000110011000000000000110000000000000000011000000000000000011000000000000000000100000000000000000010000000000000000000100000000000000000001000000000000000000100000000000000000001000000000000000000001000000000000000000010000000000000000000100000000001110000000100000000111110000000100000000001100000001100000000011000000000111111111010000000000000000001100000000000000000001000
0000000000001110000000000000011100000000000000111000000000000000011000000000000000000100000000000000000010000000000000000000100000000000000000010000000000000000000100000000000000000001000000000000000000010000000000000000000100000000000000000001000000001111100000010000000000001100000010000000000011000000100000000000110000001100000000011100000000111110011001000000000000011100100000000000000000000000
0000000000000000000000000000000000000000000000000111111000000000000110000000000000000010000000000000000001100000000000000000100000000000000000011000000000000000000100000000000000000001000000000000000000100000000000000000001000000000000000000010000000001111000000100000000011111000000100000000000010000001000000000000100000001000000000011000000001100000001110000000000111111100100000000000000000000000
0000000000000000000000000000000001000000000000000111000000000000000110000000000000000110000000000000000011000000000000000000100000000000000000010000000000000000001100000000000000000010000000000000000000100000000000000000001000000000000000000010000000000000000000100000000011110000001000000000000100000001000000000001000000011000000000111000000010000000011010000000011111111101100000000000000000001000
0000000000000000000000000001111111111000000001100000000010000000010000000000000000001000000000000000000110000000000000000001000000000000000000100000000000000000001000000000000000000010000000000000000000100000000000000000001000000000000000000010000000000000000000110000000111110000000100000000001100000000100000000001000000001100000001110000000000111100110100000000000000111001000000000000000000000000
0000000000000000000000000000011111100000000000011000000000000000011000000000000000000100000000000000000010000000000000000000100000000000000000010000000000000000001100000000000000000010000000000000000000100000000000000000001000000000001111000010000000000000011000100000000000000010001000000000000001100010000000000000010000010000000000001010000010000000001100100000111000000110010000000001111110000100
0000000000000111000000000000011111000000000000001100000000000000001100000000000000000110000000000000000010000000000000000001000000000000000000000000000000000000001100000000000000000010000000000000000000100000000000000000000100000000000000000001000000000000000000010000000000110000000100000000000110000000100000000000110000001100000000001100000001100000001101000000000111111100010000000000000000000000
0000000000000000000000000000111111110000000000010000000000000000011000000000000000001100000000000000000010000000000000000001000000000000000000100000000000000000001000000000000000000010000000000000000001000000000000000000010000000000000000000100000000000011000000100000000001111000001000000000000010000010000000000000100000011000000000011000000011110000010010000000000011111000000000000000000000000000
0000000000000000000000000000001111100000000000011100000000000000001100000000000000001100000000000000000100000000000000000011000000000000000000100000000000000000010000000000000000000100000000000000000001000000000000000000100000000000000000001000000000000000000001000000000000000000010000000000111100000010000000000001000000110000000000110000000011000000111100000000000111110001000000000000000000000000
0000000000000000000000000000000000000000000000000001111000000000000011100000000000000011000000000000000001000000000000000000010000000000000000001000000000000000000100000000000000000000000000000000000000010000000000000000000100000000000000000010000000000000000000100000000000000000001000000000011110000001000000000001100000011000000000001000000010000000000110000000011110000111000000000000010110010000
0000000000000000000000000000000000000000000000001110110000000000001100000000000000000110000000000000000011000000000000000001000000000000000000010000000000000000001000000000000000000010000000000000000000100000000000000000001000000000000000000000000000000000000000100000000001100000001000000000111100000010000000000011000000010000000000011000000100000000001100000000111100000111000000000000110110000000
0000000000000000000000000000000000000000000000001111111000000000011100000000000000001100000000000000000010000000000000000001000000000000000000100000000000000000001000000000000000000010000000000000000000100000000000000000001000000001110000000010000000000010000000100000000000100000000100000000001000000000110000000100000000000011111110000000000000000000000000000000000000000000000000000000000000000000
0000000000000000000000000000000000000000000000000000010000000000000001111100000000000011100000000000000001000000000000000000010000000000000000011000000000000000000100000000000000000010000000000000000000100000000000000000001000000000000000000010000000000000000000100000000011100000001000000000000100000010000000000001000000110000000000010000000110000000011100000000111100001101000000000000111000010000
0000000000000000000000000000000001000000000000001111100000000000000100000000000000000010000000000000000011000000000000000000100000000000000000001000000000000000000100000000000000000001000000000000000000010000000000000000001000000000000000000010000000000000000000100000000011110000001000000001111100000011000000000001000000010000000000110000000011000000011100000000001110001110000000000000011100100000
0000000000000000000000000000000000000000000000000111111000000000001100000000000000001100000000000000000100000000000000000001000000000000000000100000000000000000000000000000000000000010000000000000000001000000000000000000010000000000000000000100000000000000000001000000000110000000010000000011111000000100000000000010000000100000000000100000000100000000011000000000110000001110000000000001111100100000
0000000000000000000000000000001111110000000000001100000000000000000100000000000000000010000000000000000001000000000000000000010000000000000000001000000000000000000010000000000000000000000000000000000000010000000000000000000100000000000000000001000001111111100000010000001100111000000000000000000110000000100000000001100000001000000000011000000001100000011010000000000111111000100000000000000000000000
0000000000000000000000000000010111100000000000011000000000000000011000000000000000001100000000000000000010000000000000000001000000000000000000010000000000000000000100000000000000000010000000000000000000100000000000000000001000000000000000000010000000000000000000100000011111100000001000000000001100000001000000000001000000001000000000110000000011000000011100000000001110011101000000000000111000000000
0000000000001110000000000000111100110000000000010000000000000000011000000000000000001000000000000000000100000000000000000010000000000000000000100000000000000000010000000000000000000000000000000000000010000000000000000000100000000000000000001000000000000000000001000000000011000000010000000011011000000100000000000010000001000000000000100000001100000000011000000000111101111010000000000000000000100000
0000000000000000000000000000110110000000000000010000111100000000001000000000000000000100000000000000000010000000000000000000100000000000000000010000000000000000000000000000000000000001000000000000000000100000000000000000001000000000000000000001000000000111000000010000000110011000000010000000000110000000100000000001100000001100000000101000000000111101011100000000000000000001000000000000000000000000
0000000000000000000000000000001111100000000000000100000000000000000110000000000000000110000000000000000001000000000000000000100000000000000000000000000000000000000100000000000000000001000000000000000000010000000000000000001000000000000000000010000000000000000000100000000001110000000100000000111110000001000000000000100000010000000000001000000110000000000110000000110000000111100000000011111111001000
0000000000000000000000000000000011110000000000000111000000000000000001000000000000000000100000000000000000110000000000000000001000000000000000000100000000000000000001000000000000000000110000000000000000001000000000000000000010000000000000000000100000000010000000001000000011111000000001000000000010000000010000000000110000000011000000011100000000001110001011000000000000011100100000000000000000000000
0000000000000000000000000000011111100000000000011000001000000000001000000000000000000100000000000000000011000000000000000000100000000000000000010000000000000000000100000000000000000010000000000000000000100000000000000000001000000000000000000100000000000000000001000000000000000000010000000000111100000110000000000001100000100000000000001000000100000000000010000001100000000001100000000110111111101000
0000000000000000000000000001111111000000000000110000001100000000000000000000000000001100000000000000000010000000000000000001000000000000000000000000000000000000001000000000000000000000000000000000000000100000000000000000010000000000000000000100000000000000000001000000000000000000000000000000111100000010000000000001000000100000000000110000000100000000011100000001110000011101000000000111111000010000
0000000011110000000000000001000011100000000001100000001100000000100000000000000000010000000000000000001000000000000000000010000000000000000001000000000000000000010000000000000000000100000000000000000001000000000000000000000000000000000000000100000000000000000001000000000001100000011000000000011100000010000000000011000000010000000000110000000110000000110100000000111111110001000000000000000000000000
0000000000110000000000000001111011000000000000010000001100000000001000000000100000000000000000000000000001000000000000000000010000000000000000000000000000000000000010000000000000000000100000000000000000001000000000000000000000000000000000000000100000000000000000000000000000000000000010000000111110000000100000000011100000001000000000011000000011000000000110000000001111000010100000000000001111101000
0000000011111000000000000011000001100000000001000000001100000000110000000000100000010000000000000000001000000000000000000010000000000000000001000000000000000000010000000000000000000100000000000000000001000000000000000000010000000000000000000000000000000000000001000000000000111100010000000000001000100100000000000000001001000000000000000110001000000000000010100001100000000011100000000111111111100000
0000000011101110000000000001000000111000000000100000000000000000011000000000000000001100000000000000000010000000000000000001000000000000000000110000000000000000001000000000000000000010000000000000000000100000000000000000001000000000000000000010000000001111110000010000000000001100000100000000000001000000110000000000110000000110000000001100000000011000011101000000000001111100010000000000000000000000
0000000000000000000000000000000000000000000000011111111000000000001100000001000000000010000000000000000001000000000000000001100000000000000000000000000000000000000100000000000000000010000000000000000000100000000000000000001000000000000000000010000000000000000000100000000000000000001000000000001100000010000000000000110000100000000000001100000100000000000111000000110000000011110000000011111111000000
0000000011110000000000000001100111100000000000100000001000000000010000000000000000001000000000000000000100000000000000000001000000000000000000010000000000000000001000000000000000000000000000000000000000100000000000000000001000000000000000000010000000000001100000100000000000111000000100000000000010000000100000000000100000000110000000011000000000011111111110000000000000000000100000000000000000000000
0000000000000000000000000000111111000000000000010000001100000000001000000000000000000110000000000000000001000000000000000000100000000000000000010000000000000000000100000000000000000010000000000000000000100000000000000000001000000000000000000100000000000000000001000000000001110000010000000000001110000010000000000000100000100000000000001000000100000000000110000000110000000011100000000011001111101000
0000000000000000000000000001111111110000000000100000000000000000010000000000000000000100000000000000000010000000000000000001100000000000000000010000000000000000000100000000000000000001000000000000000000100000000000000000001000000000000000000010000000000000000000110000000000110000000100000000001110000001100000000000100000000100000000011000000000110000001110000000000111111100000000000000000000000000
0000000000000111000000000000010110010000000000001100000000000000000100000000000000000010000000000000000001000000000000000000010000000000000000000100000000000000000001000000000000000000010000000000000000001000000000000000000010000000000000000000100000000000000000001000000000011000000001000000000011000000001000000000010000000011000000001010000000001110001101000000000000111100010000000000000000000000
0000000000000000000000000001111111100000000000100000001100000000010000000000000000001000000000000000000100000000000000000011000000000000000000100000000000000000001000000000000000000100000000000000000001000000000000000000010000000000000000000100000000000000000001000000000000000000010000000000011110000000000000000001110000100000000000000100000100000000000011000000100000000011010000000111111111101100
0000000000000000000000000001111111111000000000110000000000000000010000000000000000001100000000000000000010000000000000000001000000000000000000110000000000000000001000000000000000000010000000000000000000100000000000000000001000000000000000000010000000000000000000100000000001111000001000000000000011000001100000000000010000001100000000001100000000111000001110000000000001111110010000000000000000001100
0000000000000000000000000000001111110000000000011100000100000000001000000000000000000100000000000000000001000000000000000000100000000000000000001000000000000000000100000000000000000001000000000000000000100000000000000000001000000000000000000010000000000000000000100000000000000000001000000000111000000001000000000011000000011000000000010000000011000000001010000000001111011110100000000000001100011000
0000000000111000000000000000111001100000000000010000001100000000001000000000000000000010000000000000000001000000000000000000100000000000000000001000000000000000000100000000000000000001000000000000000000110000000000000000001000000000000000000010000000000000000000100000000000000000001000000000111100000001000000000001100000011000000000111000000001110111111010000000000000000000100000000000000000001000
0000000011000000000000000011101111000000000001100000001000000000100000000001000000010000000000000000001000000000000000000010000000000000000001000000000000000000000000000000000000001000000000000000000010000000000000000000100000000000000000000100000000000000000001000000000000000000010000000000011110000110000000000000110000010000000000001100000011000000001111000000011100001110010000000000111110000000
0000000000000000000000000000111111000000000000010000001100000000001000000000000000000100000000000000000011000000000000000000100000000000000000001000000000000000000100000000000000000001000000000000000000010000000000000000000100000000000000000001000000000000000000010000000000000000000100000000111100000001100000000001110000001000000000000100000001100000000011000000001110000001110000000000011111100100
0000000000000000000000000000111111100000000000110000001100000000011000000000000000001100000000000000000100000000000000000011000000000000000000100000000000000000010000000000000000000100000000000000000001000000000000000000010000000000000000000100000000000000000001000000000000000000010000000000111110000010000000000000110000010000000000001100000011000000000011000000011000000111010000000001111101001100
0000000001111100000000000001100000110000000000100000000000000000010000000000000000001000000000000000000010000000000000000001000000000000000000010000000000000000001000000000000000000010000000000000000000100000000000000000001000000000000000000010000000000000000000100000000011111000000100000000000010000001100000000000100000001100000000011000000000110000011010000000000011111100100000000000000000000000
0000000011100000000000000001100111100000000000100000000100000000110000000000000000001000000000000000000100000000000000000010000000000000000000100000000000000000010000000000000000001000000000000000000010000000000000000000100000000000000000001000000000000000000010000000000110110000010000000000011110000100000000000000100000100000000000001000000100000000000110000000011110001110100000000000011100000000
0000000000000000000000000000111110000000000000010000011100000000001000000000000000001100000000000000000000000000000000000001000000000000000000100000000000000000001000000000000000000010000000000000000001000000000000000000010000000000000000000100000000000000000001000000000000000000010000000001111100000110000000000001100000100000000000001000000111000000000110000000011111111110100000000000000000001000
0000000001110000000000000001110011100000000000100000001110000000010000000000000000001100000000000000000010000000000000000001000000000000000000010000000000000000000100000000000000000010000000000000000000100000000000000000001000000000000000000010000000000000000000100000000000111000001000000000001111000011000000000000010000011100000000001100000001100000001111000000000111111110010000000000000000000100
0000000000000000000000000000111111000000000000110000001100000000010000000000100000001000000000000000000100000000000000000000000000000000000000100000000000000000001000000000000000000100000000000000000001000000000000000000010000000000000000000100000000000000000001000000000000000000010000000000011110000010000000000000100000010000000000011000000010000000001110000000001111111100100000000000000000001000