0000000000000100000000001000000001000000000010000000010000000000100000000100000000001000000001100000000010000000011000000000100000000010000000001000000001100000000011111111111000000000100100000010000000001000000000100000000010000000001000000000110000000010000000000100000000100000000001000000001000000000010000000010000000000100000000100000000001000000001000000000010000000010000000000000000000000000
0000000000000000000000001000000001000000000010000000010000000000100000000100000000010000000001000000000100000000010000000001000000000100000000010000000001000000000100000000010000000001000000000100000000011111111111100000000100000000010000000001000000000100000000010000000001000000000100000000010000000001000000000100000000010000000001000000000100000000100000000001000000001000000000010000000000000000
0000000000000000000000000100000001000000000001000000010000000000010000000100000000000100000001000000000001000000010000000000010000000100000000000100000001000000000001000000000000000000010001110100000000000111100011110000000001000000100000000000010000001000000000000100000010000000000001000000100000000000010000001000000000000100000010000000000001000000100000000000010000001000000000000100000010000000
0000000000000000000000001000000001000000000010000000010000000000100000000100000000001000000001000000000010000000010000000000100000000100000000001000000001000000000010000000010000000000100000000100000000001111111111100000000000000000010000000000100000000100000000001000000001000000000010000000010000000000100000000100000000001000000001000000000100000000010000000001100000000100000000000000000000000000
0000000000000000000000001000000001000000000010000000010000000000110000000100000000000100000001000000000001000000010000000000000000000100000000001000000001000000000010000000010000000000100000000100000000001111111101000000000010000001110000000000000000000100000000001000000001000000000010000000010000000000000000000100000000001000000001000000000010000000010000000000100000000100000000000000000000000000
0000000000000000000000000000000001000000000001000000010000000000010000000100000000000100000001000000000001000000010000000000010000001000000000000000000010000000000001000000100000000000011111111100000000000100000010000000000001000000100000000000010000001000000000000100000010000000000001000000100000000000010000001000000000000100000010000000000001000000100000000000000000001000000000000000000000000000
0000000000000000000000000100000000100000000001000000001000000000010000000010000000000100000000100000000001000000001000000000010000000010000000000100000000100000000001000011111000000000011111100010000000000100000000100000000001000000001000000000010000000010000000000100000000100000000001000000001000000000010000000010000000000100000000100000000001000000011000000000010000000110000000000000000000000000
0000000000000000000000000100000001000000000001000000010000000000010000000100000000000100000001000000000001000000010000000000010000000100000000001000000001000000000010000000010000000000000000000100000000001111111111000000000010000000010000000000100000000100000000001000000001000000000010000000010000000000100000000100000000001000000001000000000010000000010000000000110000000100000000000000000000000000
0000000000000000000000001000000001000000000010000000110000000000100000001000000000001000000010000000000010000000100000000000100000001100000000001000000001000000000010000000010000000000110111111100000000001110000001000000000010000000010000000000100000000100000000001000000001000000000010000000110000000000100000001000000000001000000010000000000010000000100000000000100000000000000000000000000000000000
0000000000000000000000000000000000000000000011000000100000000000010000001000000000000100000010000000000001000000010000000000010000000100000000000100000001000000000001000000010000000000010111111100000000000110000001000000000001000000010000000000010000000100000000000100000001000000000001000000010000000000010000000100000000000100000001000000000001000000010000000000010000000100000000000000000000000000
0000000000000000000000000000000001000000000011000000010000000000010000000010000000000100000000100000000001000000001000000000001000000010000000000010000000100000000000100000001000000000001000000100000000000010000001000000000000111111111000000000001000000100000000000010000001000000000000100000010000000000001000000100000000000010000001000000000001100000010000000000011000000100000000000010000001000000
0000000000000000000000000100000001100000000001000000010000000000010000000100000000000100000001000000000001000000010000000000010000000100000000000100000001000000000001000000010000000000010000000100000000000111111111000000000001000000010000000000010000000100000000000100000001000000000001000000010000000000010000000100000000000100000001000000000010000000010000000000110000000100000000000000000001000000
0000000000000000000000000000000000000000000001000000010000000000010000000100000000000100000001000000000001000000010000000000010000000100000000000100000001000000000000000000010000000000010000001100000000000111111111000000000001000000010000000000010000000100000000000100000001000000000001000000010000000000010000000100000000000100000001000000000001000000010000000000010000000100000000000000000000000000
0000000000000000000000000000000000000000000001000000010000000000010000000100000000000100000001000000000001000000010000000000010000000100000000000100000000000000000000000000010000000000010000001100000000000111111101000000000000100000010000000000001000000100000000000010000001000000000000100000010000000000001000000100000000000010000001000000000000100000100000000000000000000000000000000000000000000000
0000000000000000000000000000000000000000000000000000010000000000010000000100000000000100000001000000000001000000010000000000010000000100000000000100000000000000000001000000010000000000010000000100000000000110011101000000000001011000110000000000010000000100000000000100000001000000000001000000010000000000000000000100000000000100000001000000000001100000010000000000010000000100000000000000000000000000
0000000000000000000000000000000001000000000000100000010000000000001000000100000000000010000000000000000000100000010000000000001000000100000000000010000001000000000000100000010000000000000000000100000000000010000001000000000000111111111000000000001000000100000000000010000001000000000000000000000000000000001000000100000000000010000001000000000000100000010000000000001000000100000000000000000000000000
0000000000000000000000000000000000000000000001000000000000000000010000000010000000000100000000100000000001000000000000000000010000000010000000000100000000100000000001000000000000000000010000000010000000000100000000100000000000111101111000000000001000000010000000000010000000100000000000100000001000000000001000000010000000000010000000100000000000100000011000000000001000000100000000000000000000000000
0000000000000000000000000000000000000000000001000000010000000000010000000100000000000100000001000000000001000000010000000000010000000010000000000100000000100000000001000000001000000000011000001110000000000011111100100000000001000000001000000000010000000010000000000100000000000000000001000000001000000000010000000110000000000100000001000000000001000000010000000000010000000100000000000000000000000000
0000000000000000000000000100000001000000000001000000010000000000010000000100000000000100000001000000000001000000010000000000010000000100000000000100000000000000000000000000010000000000011111111100000000000100000011000000000001000000010000000000010000000100000000000100000001000000000010000000010000000000100000001000000000001100000010000000000011000000100000000000000000001000000000000000000000000000
0000000000000000000000001000000000000000000010000000001000000000100000000010000000001000000000100000000010000000001000000000100000000010000000001000000000100000000010000000001000000000100000011110000000001111011001100000000010000000001000000000100000000010000000001000000000100000000011000000001000000000010000000010000000000100000000100000000011000000001000000000110000000010000000001000000000100000
0000000000000000000000001000000010000000000010000000100000000000100000001000000000001000000010000000000010000000010000000000100000000100000000001000000000000000000010000000110000000000111111111000000000001000000010000000000010000000100000000000100000001000000000001000000010000000000010000000100000000000100000001000000000001000000010000000000010000000100000000000000000000000000000000000000000000000
0000000000000000000000000100000010000000000001000000100000000000110000001000000000001000000010000000000010000000100000000000100000001000000000001000000010000000000010000000100000000001111111111000000000001000000010000000000010000000100000000000100000001000000000001000000010000000000010000000100000000000100000001000000000001000000010000000000010000000100000000000110000000000000000000000000000000000
0000000000000000000000000000000000000000000010000000100000000000100000001000000000001000000010000000000010000000100000000000100000001100000000001000000001000000000010000000010000000000101111111100000000001100000001000000000010000000010000000000100000000100000000001000000001000000000010000000010000000000100000000100000000001000000011000000000010000000100000000000100000000000000000000000000000000000
0000000000000000000000000010000000010000000000100000000100000000001000000001000000000010000000010000000000100000000100000000001000000001000000000010000000000000000000100000001100000000001111111101000000000010000000000000000000100000000100000000001000000001000000000010000000010000000000100000000100000000001000000010000000000010000000100000000000100000001000000000011000000010000000000110000000000000
0000000000000000000000000100000001000000000001000000010000000000010000000000000000000100000001000000000001000000010000000000010000000100000000000100000001000000000000000000001000000000011111011110000000000100000000100000000000000000001000000000010000000010000000000100000000100000000001000000001000000000010000000010000000000100000000100000000001000000001000000000010000000010000000000000000000000000
0000000000000010000000000100000000100000000001000000001000000000010000000010000000000100000000100000000001000000001000000000010000000010000000000100000000100000000000000000001000000000011110111100000000000100000000100000000001000000001000000000010000000010000000000100000000100000000001000000001000000000010000000010000000000100000000100000000001000000001000000000000000000000000000000000000000000000
0000000000000010000000001000000000100000000010000000001000000000010000000010000000000100000000100000000001000000001000000000010000000010000000000100000000100000000001000000001000000000010111111110000000000111000000100000000001000000001000000000010000000010000000000100000000100000000001000000001000000000010000000010000000000100000000100000000001000000001000000000011000000010000000000010000000100000
0000000000000000000000001000000001000000000010000000010000000000100000000100000000001000000001000000000010000000010000000000100000000100000000001000000001000000000011111111110000000000100000000100000000001000000001000000000010000000010000000000100000000100000000001000000001000000000010000000010000000000100000000100000000001000000001000000000010000000010000000000100000000100000000000000000000000000
0000000000000000000000001000000000100000000010000000001000000000100000000010000000001000000000100000000010000000001000000000100000000010000000001000000000100000000011111111111000000000100000000010000000001000000000100000000010000000001000000000100000000010000000001000000000100000000010000000010000000000100000000100000000001000000001000000000010000000010000000000100000000000000000000000000000000000
0000000000000000000000001000000000000000000010000000010000000000100000000100000000001000000001000000000010000000010000000000000000000100000000001000000001000000000010000000010000000000111110111100000000001000000001000000000010000000010000000000100000000100000000001000000001000000000010000000010000000000100000000100000000000100000001000000000001000000010000000000010000001000000000000000000000000000
0000000000000000000000000000000000000000000010000000010000000000100000000100000000001000000001000000000010000000010000000000100000000100000000001000000001000000000010000000010000000000111100111100000000001001110001000000000010000000010000000000100000000100000000001000000001000000000010000000010000000000100000000100000000001000000001000000000010000000010000000000110000000100000000001100000000000000
0000000000000000000000000000000000000000000010000000100000000000100000001000000000001000000010000000000010000000100000000000100000001000000000001000000010000000000010000000100000000000100000011000000000001111111111000000000010000000100000000000100000001000000000001000000010000000000010000000100000000000100000001000000000001000000010000000000010000000110000000000000000000100000000000000000000000000
0000000000000100000000010000000001000000000100000000010000000001000000000100000000010000000001000000000100000000000000000000000000000100000000010000000001000000000100000000010000000001111011000000000000011000001111000000000000000000010000000001000000000100000000010000000001000000000100000000010000000001000000000100000000010000000001000000000100000000010000000001000010000100000000010000000000000000
0000010000000001000000000000000000010000000001000000000100000000010000000001000000000100000000010000000001000000000100000000010000000001000000000100000000010000000001000000000100000000011110000001000000000100011111110000000001000000000100000000010000000001000000000100000000001000000001000000000010000000010000000000100000000100000000001000000001000000000010000000010000000001100000000100000000010000
0000010000000010000000000100000000100000000001000000010000000000010000000100000000000100000001000000000001000000010000000000100000000100000000001000000001000000000010000000010000000000111111111100000000001000000001000000000010000000010000000000100000000100000000001000000001000000000010000000010000000000100000000100000000000100000001000000000001000000010000000000010000000100000000000000000001000000
0000000000000010000000001000000000100000000010000000001000000000100000000010000000001000000000100000000010000000001000000000100000000010000000001000000000100000000001000000001000000000011111111110000000000100000000100000000001000000001000000000010000000010000000000100000000100000000001000000001000000000010000000010000000000100000000100000000001000000001000000000010000000010000000000100000000100000
0000000000000100000000001000000001000000000010000000010000000000100000000100000000001000000001000000000010000000010000000000100000000100000000001000000001000000000010000000010000000000111111111100000000001000000001000000000010000000010000000000100000000100000000001000000001000000000010000000010000000000100000000100000000001000000001000000000010000000010000000000100000000100000000001000000001000000
0000000000000011000000000100000000100000000001000000001000000000010000000010000000000100000000100000000001000000001000000000010000000010000000000100000000100000000001000000001000000000011100000010000000000100111111100000000001000000001000000000010000000010000000000100000000100000000001000000001000000000010000000010000000000100000000100000000001000000001000000000010000000010000000000000000000100000
0000000000000000000000000000000000000000000001000000000100000000010000000001000000000100000000110000000001000000001000000000010000000010000000000100000000100000000001000000001000000000011111111110000000000100000000100000000001000000001000000000010000000010000000000100000000100000000001000000001000000000010000000010000000000100000000100000000001100000001000000000010000000010000000000000000000000000
0000000000000000000000000100000000010000000001000000000100000000010000000001000000000100000000010000000001000000000100000000010000000001000000000100000000010000000001111111111100000000010000000001000000000100000000010000000001000000000100000000010000000001000000000100000000010000000001000000001100000000010000000010000000000100000000100000000001000000001000000000011000000011000000000000000000000000
0000000000000000000000000000000000000000000010000000001000000000100000000010000000001000000000100000000010000000001000000000100000000010000000001000000000000000000010000000001000000000100000000001000000001111111111110000000010000000000100000000100000000001000000001000000000100000000010000000001000000000100000000010000000001000000000100000000010000000001000000000100000000010000000001000000000100000
0000000000000000000000001000000001000000000010000000010000000000100000000100000000001000000001000000000010000000010000000000100000001100000000001000000011000000000011111011110000000000100000001100000000001000000011000000000010000000110000000000100000000100000000001000000001000000000010000000010000000000100000000100000000001000000001000000000010000000010000000000100000000100000000000000000000000000
0000000000000000000000000100000000100000000001000000001000000000010000000100000000000100000001000000000001000000010000000000010000000100000000000100000001000000000001000000010000000000001111111100000000000010000001000000000000100000010000000000001000000100000000000010000001000000000001000000010000000000010000000100000000000100000001000000000001000000010000000000010000000100000000000000000001000000
0000000000000010000000000100000000100000000001000000001000000000110000000010000000001000000000100000000010000000001000000000100000000010000000001000000000100000000001000000111000000000011111110010000000000100000000100000000001000000001000000000010000000010000000000100000000100000000001000000001000000000010000000010000000000100000000100000000001000000001000000000010000000010000000000100000000000000
0000010000000000000000000100000000011000000001000000000100000000010000000001000000000100000000010000000001000000000100000000010000000001000000000100000000010000000001000000000100000000011111111001000000000000000001110000000001000000000100000000010000000001000000000100000000010000000001000000001000000000010000000010000000000100000000100000000001000000001000000000010000000010000000000100000000100000
0000000000000010000000001000000000100000000001000000001000000000010000000010000000000100000000100000000001000000001000000000010000000010000000000000000000000000000001000000001000000000010000000010000000000111111011100000000001000000001000000000010000000001000000000100000000000000000001000000000100000000001000000001000000000010000000010000000000100000000100000000001000000001000000000010000000010000
0000000000000000000000000100000000100000000001000000001000000000000000000010000000000100000000100000000001000000001000000000010000000001000000000100000000010000000001000000000000000000010000000001000000000111111111110000000001000000000100000000010000000001000000000100000000100000000001000000001000000000010000000010000000000100000000100000000001000000001000000000010000000010000000000100000000100000
0000000000000000000000001100000000100000000010000000001000000000100000000010000000001000000000100000000010000000001000000000000000000010000000001000000000100000000010000000001000000000000000000010000000001111111111100000000010000000001000000000100000000010000000001000000000100000000010000000001000000000100000000010000000001000000000100000000010000000001000000000100000000010000000000000000000100000
0000000000000000000000001000000000010000000010000000000100000000100000000001000000011000000000010000000100000000000100000001000000000001000000010000000000010000000100000000000100000001000000000001000000010000000000010000000111111111111100000001000000000001000000001000000000010000000010000000000100000000100000000001000000001000000000010000000010000000000100000000100000000001000000001000000000010000
0000000000000000000000000000000000000000000100000000010000000001000000000100000000011000000001000000000010000000010000000000100000000100000000001000000001000000000010000000010000000000100000000100000000001001111110000000000011110000010000000000100000000100000000001000000001000000000010000000010000000000100000000100000000010000000001000000000100000000010000000001000000000100000000010000000001000000
0000000000000000000000000000000010000000000001000000010000000000010000000100000000000100000001000000000001000000010000000000010000000100000000000100000001000000000001000000010000000000011000000100000000000111111111000000000001000000010000000000010000000100000000000100000001000000000001000000010000000000010000000100000000000100000001000000000001000000010000000000000000000100000000000000000000000000
0000000000000100000000001000000001000000000010000000010000000000100000000100000000001000000001000000000010000000010000000000100000000100000000001000000001000000000010000000010000000000111111111100000000001000000001000000000010000000010000000000100000000100000000001000000001000000000010000000010000000000100000000100000000001000000001000000000010000000010000000000100000000100000000001000000000000000
0000010000000010000000000100000000100000000001000000001000000000010000000010000000000100000000100000000001000000001000000000010000000010000000000100000000100000000001000000001000000000010011110110000000000111000011100000000001000000011000000000010000000110000000000100000001100000000001000000011000000000010000000100000000000100000001000000000001000000010000000000010000000100000000000100000001000000
0000010000000010000000000100000000100000000001000000001000000000010000000010000000000100000000100000000001000000001000000000010000000010000000000100000000100000000001000000001000000000011110011110000000000110011100100000000001000000001000000000010000000010000000001100000000100000000010000000001000000000100000000010000000000100000000100000000011000000001000000000110000000010000000000000000000100000
0000010000000100000000000100000001000000000001000000010000000000010000000100000000000100000001000000000001000000010000000000010000000100000000000100000001000000000001000000010000000000011111111100000000000100000001000000000001000000010000000000010000000100000000000100000001000000000001000000010000000000010000000100000000000100000001000000000001000000001000000000010000000010000000000000000000100000
0000010000000010000000000100000000100000000001000000001000000000010000000010000000000100000000100000000001000000001000000000010000000010000000000100000000100000000001000000001000000000010000001110000000000111111100100000000001000000001000000000010000000010000000000100000000100000000001000000001000000000010000000010000000000100000000100000000001000000001000000000010000000010000000000100000000100000
0000000000000000000000001000000000000000000010000000010000000000100000000100000000001000000001000000000010000000010000000000100000000100000000001000000001000000000000000000010000000000100000000000000000001011111111000000000011100000010000000000100000000100000000001000000001000000000010000000010000000000100000000100000000001000000001000000000010000000010000000000100000000100000000000000000001000000
0000000000000000000000000100000000001000000001000000000100000000010000000001000000001100000000010000000010000000000100000000000000000001000000001000000000010000000010000000111000000000100001011001000000001111100000010000000010000000000100000000000000000001000000001000000000010000000011000000000100000000010000000001000000000100000000010000000001000000000100000000010000000001000000000000000000000000
0000000000000001000000000100000000010000000001000000000100000000010000000001000000000100000000010000000001000000000100000000010000000001000000000100000000010000000001000000000000000000010111111111000000000110000000010000000001000000000100000000010000000001000000000000000000010000000001000000000100000000010000000001000000000100000000010000000001000000000100000000010000000001000000000000000000000000
0000000000000000000000000110000000100000000000100000001000000000001000000010000000000000000000100000000001000000001000000000010000000010000000000100000000000000000001000000001000000000011000000010000000000011011111100000000001000000001000000000010000000010000000000100000000100000000001000000001000000000010000000010000000000100000000100000000001000000000100000000011000000001000000000000000000000000
0000000000000000000000000000000001000000000010000000010000000000100000000100000000001000000001000000000010000000010000000000100000000000000000001000000001000000000010000000010000000000100000000100000000001111111111000000000010000000010000000000100000000100000000001000000001000000000000000000010000000000100000000100000000001000000001000000000010000000010000000000100000000100000000001000000000000000
0000000000000000000000000100000001000000000001000000010000000000010000000100000000000100000001000000000010000000000000000000000000000100000000001000000001000000000010000000010000000000110000000000000000001111111111100000000010000000010000000000100000000100000000001000000001000000000000000000010000000000100000000100000000001000000001000000000011000000010000000000100000000100000000000000000000000000
0000000000000000000000000100000001000000000001000000010000000000010000000100000000000100000001000000000001000000010000000000010000000100000000000100000001000000000001100000010000000000001111111100000000000100000001000000000001000000010000000000010000000100000000000100000001000000000001000000010000000000010000000100000000000100000011000000000011000000100000000000000000001000000000000000000000000000
0000000000000000000000001000000001000000000010000000010000000000100000000100000000001000000001000000000010000000010000000000100000000100000000001000000001000000000011111111110000000000100000000100000000001000000001000000000010000000010000000000100000000100000000001000000001000000000010000000010000000000100000000100000000001000000001000000000110000000010000000000000000000100000000000000000000000000
0000000000000000000000000000000001000000000001000000010000000000010000000100000000000100000001000000000001000000010000000000010000000100000000000100000001000000000001000000010000000000011111111100000000000100000001000000000001000000010000000000010000000100000000000100000001000000000001000000010000000000010000000100000000000100000001000000000001000000010000000000010000000100000000000000000000000000
0000000000000010000000001000000000100000000010000000001000000000100000000010000000001000000000100000000010000000001000000000100000000010000000001000000000100000000010000000001000000000111111111110000000001000000000100000000010000000001000000000100000000010000000001000000000100000000010000000001000000000100000000010000000001000000000100000000010000000001000000000100000000010000000000000000000000000
0000100000000010000000001000000000100000000010000000001000000000100000000010000000001000000000100000000010000000001000000000100000000010000000001000000000100000000011111111111000000000100000000010000000001000000000100000000010000000001000000000100000000010000000001000000000100000000010000000001000000000100000000010000000001000000000100000000010000000001000000000100000000010000000000000000000000000
0000110000000001000000000100000000100000000001000000001000000000010000000010000000000100000000010000000010000000000100000000100000000001000000001000000000010000000000000000000100000000100000000001000000001001110000010000000011100011111100000000100000000001000000000000000000010000000010000000000100000000100000000001000000001000000000010000000010000000000100000000100000000001000000001000000000010000
0000100000000010000000001000000000100000000010000000001000000000100000000010000000001000000000100000000010000000001000000000100000000010000000001000000000100000000010000000000000000000111111111110000000001000000000100000000010000000010000000000100000000100000000001000000001000000000010000000010000000000100000000100000000001000000001000000000010000000010000000000100000000100000000001000000001000000
0000000000000010000000000100000000100000000001000000001000000000010000000010000000000100000000100000000001000000001000000000010000000010000000000100000000100000000001000000001000000000010000000110000000000011111111100000000001000000001000000000010000000010000000000100000000100000000001000000001000000000010000000010000000000100000000100000000001000000001000000000010000000010000000000100000000000000
0000100000000001000000001000000000010000000010000000000100000000100000000001000000001000000000010000000000000000000100000000100000000001000000001000000000010000000001000000000100000000010000000001000000000111111111110000000001000000000100000000010000000001000000000100000000010000000001000000000100000000010000000001000000000100000000010000000001000000000100000000010000000001000000000100000000010000
0001000000000010000000010000000000100000000100000000001000000001000000000010000000010000000000100000000100000000001000000001000000000010000000010000000000100000000100000000001000000001111111111110000000010000000000100000000100000000001000000001000000000010000000010000000000100000000100000000001000000001000000000010000000010000000000100000000100000000001000000001000000000010000000000000000000100000
0000100000000001000000001000000000010000000010000000000100000000100000000001000000001000000000010000000010000000000100000000100000000001000000001000000000010000000010000000000100000000111111111111000000001000000000010000000010000000000100000000100000000001000000001000000000010000000010000000000100000000100000000001000000001000000000010000000010000000000100000000100000000001000000001000000000010000
0000100000000011000000001000000000100000000010000000001000000000100000000010000000001000000000100000000010000000001000000000100000000010000000001000000000100000000010000000001000000000111110111110000000001000000000100000000010000000001000000000100000000010000000001000000000100000000010000000001000000000100000000010000000001000000000100000000010000000001000000000100000000010000000001000000000100000
0000100000000001000000001000000000010000000010000000001100000000100000000010000000001000000000100000000010000000001000000000100000000010000000001000000000100000000010000000001000000000100001111110000000001111100000100000000010000000001000000000100000000010000000001000000000100000000010000000001000000001100000000010000000011000000000100000000010000000011000000000100000000100000000001000000001000000
0000110000000010000000000100000000100000000001000000001000000000010000000010000000000100000000100000000001000000001000000000010000000000000000000100000000100000000001000000001000000000011111111110000000000100000000100000000001000000001000000000010000000010000000000100000001000000000001000000010000000000010000000100000000000100000001000000000001000000010000000000010000000100000000000100000001000000
0000100000000010000000001000000000100000000010000000001000000000100000000010000000001000000000100000000010000000001000000000100000000010000000001000000000100000000010000000001000000000111111111110000000001000000000100000000010000000001000000000100000000010000000001000000000100000000010000000001000000000100000000010000000000000000000100000000010000000001000000000100000000010000000001000000000100000
0000010000000100000000000100000001000000000001000000010000000000010000000100000000000100000001000000000001000000010000000000010000000100000000000100000001000000000001000000010000000000010001111100000000000111100001000000000000000000010000000000010000000100000000000100000001000000000001000000010000000000010000000100000000000100000001000000000001000000010000000000010000000100000000000000000001000000
0000010000000100000000000100000001000000000001000000010000000000010000000000000000000100000001000000000001000000010000000000000000000100000000000100000001000000000001000000010000000000010000000100000000000111111111000000000001000000010000000000010000000100000000000100000001000000000001000000010000000000010000000100000000000100000001000000000001000000010000000000010000000100000000000110000001000000
0000000000000000000000000100000000010000000001000000000100000000010000000001000000000100000000010000000001000000000100000000010000000001000000000100000000010000000001000000000100000000010000000001000000000011111111110000000000100000000100000000001000000001000000000010000000010000000000100000000100000000001000000001000000000010000000110000000000100000001000000000001000000010000000000010000000110000
0000000000000100000000001000000001000000000010000000010000000000100000000100000000001000000001000000000010000000010000000000100000000100000000001000000001000000000001000111110000000000011110000100000000000100000001000000000001000000010000000000010000000100000000000100000001000000000001000000010000000000100000000100000000001000000001000000000010000000010000000000110000000100000000001100000001000000
0000000000000000000000001000000000100000000010000000001000000000100000000010000000001000000000100000000010000000001000000000100000000010000000001000000000100000000011111111111000000000110000000010000000001000000000100000000010000000001000000000110000000010000000001100000000100000000010000000001000000000100000000010000000001000000000100000000010000000001000000000100000000010000000001000000000100000
0000000000000010000000000100000000100000000001000000001000000000010000100010000000000100000000100000000001000000001000000000010000000010000000000100000000100000000001000000001000000000010000000111000000000111111110100000000001000000001000000000010000000010000000000100000000100000000001000000001000000000010000000010000000000100000000100000000001000000001000000000010000000010000000000100000000100000
0000000000000000000000001000000001000000000010000000010000000000100000000100000000001100000001000000000001000000010000000000010000000100000000000100001111000000000001111100010000000000010000000100000000000100000001000000000001000000010000000000010000000110000000000100000000100000000001000000011000000000010000000110000000000100000001000000000001000000010000000000010000000100000000000000000001000000
0000000000000000000000010000000001000000000110000000010000000000100000000100000000001000000001000000000010000000010000000000100000000100000000001000000001000000000011111111110000000000100000000100000000001000000001000000000010000000010000000000100000000000000000001000000001000000000010000000010000000000100000000100000000001000000001000000000010000000010000000000100000000100000000000000000000000000
0000000000000000000000001000000001000000000010000000010000000000100000000100000000001000000001000000000010000000010000000000100000000100000000001000000001000000000010000000010000000000111111111100000000001000000001000000000010000000010000000000100000000100000000001000000001000000000010000000010000000000100000000100000000001000000001000000000010000000010000000000110000000100000000001000000001000000
0000010000000010000000000100000000100000000001000000001000000000010000000010000000000100000000100000000001000000001000000000010000000010000000000100000011000000000001111111001000000000010000000010000000000100000000100000000001000000001000000000010000000010000000000110000000100000000001000000001000000000010000000010000000000100000000100000000001000000001000000000010000000010000000000100000000100000
0000010000000001000000000100000000010000000001000000000100000000010000000001000000000100000000010000000001000000000100000000010000000001000000000100000000010000000001111111111100000000010000000001000000000100000000010000000001000000000100000000010000000010000000000100000000100000000001000000001000000000010000000010000000000100000000100000000001000000001000000000010000000010000000000000000000100000
0000100000000010000000000100000000100000000001000000001000000000010000000010000000000100000000100000000001000000000000000000010000000010000000000100000000100000000001000000111000000000011111011010000000000100000000100000000010000000001000000000100000000010000000001000000000100000000010000000001000000000100000000010000000001000000000100000000010000000001000000000100000000010000000001000000000100000
0000010000000010000000000100000000100000000001000000001000000000010000000010000000000100000000100000000001000000001000000000010000000010000000000100000000100000000001100001111100000000011111100010000000000100000000100000000001000000010000000000011000000100000000000010000001000000000001100000010000000000011000000100000000000110000001100000000001000000001000000000010000000010000000000110000000100000
0000100000000010000000001000000000100000000010000000001000000000100000000010000000001000000000100000000010000000001000000000000000000010000000001000000000100000000010001111111100000000111100000010000000001000000000000000000010000000001000000000100000000010000000000000000000100000000010000000001000000000100000000010000000001000000000100000000010000000001000000000100000000010000000001100000000100000
0000000000000001000000000100000000010000000001000000000100000000010000000001000000000100000000001000000001000000000010000000010000000000100000000100000000001000000001000000000010000000010000000000100000000100001111111000000001111100000010000000010000000000100000000100000000001000000001000000000010000000010000000000100000000100000000001000000001000000000010000000010000000000100000000100000000001000
0000000000000010000000000100000000100000000001000000001000000000010000000010000000000100000000100000000001000000001000000000010000000010000000000100000000100000000000000000001000000000011111111110000000000100000000000000000001000000001000000000010000000010000000000100000000100000000001000000001000000000010000000010000000000100000000100000000001000000001000000000010000000010000000000100000000100000
0000010000000000000000000100000000100000000001000000001000000000010000000010000000000100000000100000000001000000001000000000010000000010000000000000000000100000000001000000001000000000010001100010000000000111111111100000000001000000001000000000010000000010000000000100000000100000000001000000001000000000010000000010000000000100000000100000000010000000001000000000100000000010000000001100000000100000
0000010000000001000000000100000000010000000001000000000000000000010000000001000000000000000000010000000001000000000100000000001000000000100000000010000000000000000000100000111010000000001111110011100000000011000000001000000000100000000010000000001000000000100000000010000000000000000000000000000010000000001000000000100000000010000000001000000000100000000010000000001000000000100000000010000000001000
0000010000000000100000000100000000001000000001000000000010000000010000000000100000000100000000010000000001000000000000000000010000000001000000000000000000010000000001000000000000000000111111111111000000000000000000010000000010000000000100000000100000000001000000001000000000010000000010000000000100000000100000000001000000001000000000010000000010000000000100000000100000000001000000000000000000010000
0000010000000001000000000100000000001000000001000000000010000000010000000000100000000100000000001000000001000000000000000000000000000000100000000100000000000100000001000011111111000000011111000000000000000010000000000100000000100000000001000000001000000000000000000010000000000100000000100000000000000000001000000000010000000010000000000100000000100000000001000000001000000000010000000000000000000010
0000100000000001000000001000000000010000000010000000000100000000100000000001000000001000000000010000000100000000000100000001000000011111000000001111111000110000000110000000000000000001000000000010000000010000000000100000000100000000000000000001000000000010000000010000000000000000000100000000001000000001000000000010000000010000000000100000000100000000001000000001000000000010000000011000000000000000
0000010000000010000000000100000000100000000001000000000100000000010000000001000000000100000000010000000001000000000100000000010000000001000000000100000000010000000000100000000100000000001000001111000000000001111100010000000000110000000100000000001000000001000000000010000000010000000000100000000100000000001000000001000000000010000000010000000000100000000100000000001000000001000000000010000000010000
0000000000000000000000000100000000010000000001000000001000000000010000000010000000000100000000100000000001000000001000000000010000000010000000000100000000100000000001000011111100000000011111000001000000000100000000010000000001000000000100000000010000000001000000000100000000010000000001000000000100000000010000000001000000000100000000010000000001000000000100000000010000000000000000000000000000000000