0000000000000000000000000011110011110000000001000100100010000000110000110000110000001000001100000100000010000001000001000001000000010000010000010000000100000010000000000001000000100000000000010000001000100000000000000000001000000000000000100010000000000000000100000000000000000001001000000000000000000010000000000000000101000000000000000001010000000000000000010110000000000000000100000000000000000001
0000000000000000000000000000110011000000000000011101010000000000001100110100000000000010001100100000000001100011001000000000010000110010000000001100001100010000000010000010000100000000100000100001000000001000001000001000000110000000000010000001000000000000100000100000000000000100001000000000000001000010000000000000010000100000000000000100010000000000000000100000000000000000001000000000000000000010
0000000000011100000000001111101101100000000110001010001000000001000001100011000000110000010000010000001000000100000100000110000001100001000001000000011000010000010000000010000100000100000000000001100001000000000000001000010000000000000010000100000000000000100001000000000000001000010000000000000010000100000000000000100001000000000000001000010000000000000011000000000000000000110000000000000000000000
0000000000000000000000000011100000000000000001101111110000000000110001100110000000001000001000100000000010000010001000000001100000100001000000010000001000010000000100000000000100000010000000000001000000100000000000010000001000000000000100000010000000000001100000100000000000001000001000000000000010000010000000000000100001100000000000001000010000000000000010000000000000000000100000000000000000000000
0000000000001110000000000010000110110000000001111011000010000000100011100000100000011000011000000100000100000110000001000010000000100000010000100000001000000100001000000000000001000110000000000000010001000000000000000100010000000000000001000100000000000000010001000000000000000100010000000000000001000100000000000000010001000000000000000110010000000000000000100000000000000000000000000000000000000000
0000000000000000000000000000000011100000000000011101101100000000001101100001000000000110001000011000000001000010000010000000100000100000100000001000001000001000000010000010000010000001000000000000100000010000000000001000001100000000000001000010000000000000010000100000000000000100001000000000000001000010000000000000010000100000000000000100001000000000000001000000000000000000010000000000000000000000
0000000000001110000000000001100110110000000000101111000100000000011001100001100000000100011000001000000010000110000010000001100000100000100000010000001000001000001100000000000010000010000000000000100000100000000000000100011000000000000001000100000000000000010001000000000000000100010000000000000001000100000000000000010001000000000000000100010000000000000011000000000000000000000000000000000000000000
0000000000000000000000000111100011100000000011001101101100000000100001010001000000011000011000010000000100000110000100000001000000100001100000010000001000001000000100000010000010000001000000000000100000010000000000001000001100000000000010000010000000000000100000100000000000001000001000000000000010000010000000000000100000100000000000001000001000000000000010000000000000000000100000000000000000000000
0000000000000000000000000011110000000000000000100110011110000000011000101000110000000100001110000100000010000001000001000001100000010000010000010000000100000100000100000001000001000001000000010000010000110000000000000100001000000000000000100010000000000000001000100000000000000010001000000000000000100010000000000000001000010000000000000010001100000000000000100010000000000000001000000000000000000010
0000000000000000000000000000000001110000000001111100100110000000010001010000100000001000011100001100000100000110000001000001000000100000010000100000001000000010001000000010000000100010000000100000001001000000000000000010010000000000000000100100000000000000000101000000000000000001010000000000000000010100000000000000000101000000000000000001010000000000000000010100000000000000000100000000000000000000
0000000000000000000000000000000000000000000000111100111110000000011001111000100000000100001100001100000010000010000001000000100000100000010000010000001000000010001100000010000000100010000000100000001000100000001000000010001000000000000000100010000000000000001000100000000000000010010000000000000000110100000000000000000101000000000000000001010000000000000000100100000000000000001000000000000000000000
0000000000000000000000000011100011111000000011001101100011000001100001110000010000110000011000000010001000000010000000100010000000100000001001000000001000000010010000000010000000100100000000000000001001000000000000000010010000000000000000100100000000000000000101000000000000000001010000000000000000010100000000000000000101000000000000000001010000000000000000010000000000000000000100000000000000000000
0000000000000000000000000011111000000000000011000011111100000000110000011000110000001000000110000100000110000001000001100001000000010000001000010000000100000010001100000001000000100010000000010000001000100000000000000010001000000000000000100010000000000000001001000000000000000010010000000000000000100100000000000000001001000000000000000010010000000000000000100000000000000000001000000000000000000000
0000000000000000000000000001100000000000000001101110011111000000110000111000011000011000000110000010001100000001000000100010000000010000000100100000000110000001001000000001100000010000000000011000000101100000000010000001010000000000000000010100000000000000000101000000000000000001010000000000000000010100000000000000000101000000000000000001010000000000000000010100000000000000000100000000000000000001
0000000000000000000000000000000000000000000000011100000000000000001001111111000000000110001100011000000010000010000010000001100000100000100000010000001000001000001100000010000001000010000000100000010001100000000000000100010000000000000001000100000000000000010001000000000000000110010000000000000000100100000000000000001001000000000000000010010000000000000000100100000000000000001000000000000000000000
0000000000000011100000000011100001101100000001101100110001000000100001001000011000011000011110000010000100000011000000100001000000110000001000100000001100000010001000000010000000100010000000100000001000100000000000000010001000000000000000100010000000000000001000100000000000000010001000000000000000100010000000000000001000100000000000000010001000000000000001100010000000000000010000000000000000000100
0000000000000000000000000000000000000000000000111000011110000000110011001100110000011000011110000100000100000011000001000001000000110000001000100000001100000010001000000001000000100010000000010000001000100000000100000010001000000000000000100100000000000000001001000000000000000010010000000000000000100100000000000000001001000000000000000010010000000000000001100100000000000000000000000000000000000000
0000000000000000000000000000000001100000000001111000100100000000110001011000100000011000010100001000000100000101000010000011000001100000100000100000001000000100001000000010000001000010000000100000010000100000001000000100001000000000000001000010000000000000010000100000000000000100001000000000000001000010000000000000010000100000000000000100001000000000000001000110000000000000010000000000000000001100
0000000110000000000000000011110001111000000001100011100011000000010000011000010000001100000110000100000010000001000001000001000000010000010000010000000100000100001000000001000001000010000000000000010000100000000000000100001000000000000001000010000000000000010000100000000000000100001000000000000001000010000000000000010000100000000000000100001000000000000001000000000000000000010000000000000000000000
0000001000000011100000011111000011001100001100001100100001000010000001010000011001100000010100000010010000000011000000100100000000100000001001000000001000000010010000000010000000100100000000100000001001000000000000000010010000000000000000100100000000000000001001000000000000000010010000000000000000100100000000000000001001000000000000000010010000000000000000100100000000000000001000000000000000000010
0000011110000000000000001100110011111000000100000110100010000001000000110000010000100000001100000100001000000010000001000010000000100000010001000000001000000100010000000000000001000100000000000000010001000000000000000100010000000000000001000100000000000000000000100000000000000100001000000000000001000010000000000000010000100000000000000100001000000000000001000010000000000000010000000000000000000100
0000011111100111100000000100000111000100000110000001100001000001000000011000001000110000000110000010001000000001100000100010000000011000001000100000000000000010001000000000000000100000000000000000001000100000000000000010001000000000000000100010000000000000001000100000000000000010001000000000000000100010000000000000001001000000000000000010011000000000000001100000000000000000000000000000000000000000
0000000000000000000000000001110001111100000001110111110001000000110000001000010000001000000010000010000100000000100000100001000000001000001000100000000010000010001000000000100000100000000000000000001000100000000000000010001000000000000000100010000000000000001000100000000000000010001000000000000000100010000000000000001000100000000000000100001000000000000001000000000000000000010000000000000000000000
0000000111100000000000000111001001110000000001000000110110000000100000010000100000011000000100001100000100000011000001000001000000110000010000100000001100000100001000000001000001000010000000000000010001000000000000000100010000000000000001000100000000000000010001000000000000000100010000000000000001000100000000000000010001000000000000000100010000000000000011000100000000000000100000000000000000000000
0000000000001111000000001111000110001000000110011001000011000010000010100000010001000000111000000110010000000110000000101000000001000000001010000000010000000010100000000100000000101000000000000000001010000000000000000001100000000000000000011000000000000000000100000000000000000001100000000000000000011000000000000000000110000000000000000010100000000000000000101000000000000000001000000000000000000000
0000011111000000000000000100001011100000000010000001101100000000000000011001000000010000000100010000001000000001000110000010000000010000000000100000000100001000010000000001000010000100000000010000100001000000000000000000000000000000000010000100000000000000100001000000000000000100010000000000000001001000000000000000100010000000000000001000100000000000000010000000000000000000100000000000000000000000
0000001111000000000000000100011011110000000010000011000110000011000000110000100000100000001000001100010000000010000001001000000000100000010000000000001000000100100000000000000001001000000000000000010010000000000000000100100000000000000001000000000000000000010010000000000000000100100000000000000001001000000000000000010010000000000000000100100000000000000001000000000000000000000000000000000000000000
0000000000000000000000000011111001110000000001100010100110000000010000110000010000001000000100000100000110000001000001000001000000010000010000010000000000000010001000000000000000100010000000000000001000100000000000000010001000000000000000100100000000000000001001000000000000000010010000000000000000100100000000000000001001000000000000000010010000000000000000100000000000000000000000000000000000000000
0000000011000000000000001111111001100000000110000011110110000011000000011000100000100000000100000100011000000001000001000100000000010000010001000000000000000100010000000000000000100100000000000000001001000000000000000010010000000000000000100100000000000000001001000000000000000010000000000000000000100100000000000000001001000000000000000010010000000000000000100000000000000000001000000000000000000000
0000000000000000000000000001110000000000000001100100111000000000010000110001000000001100001100010000000010000010000100000000100000110001000000010000001100010000000100000011000110000001000000110000100000100000001100001000001000000011000010000010000000010000100000100000000000001000001000000000000010000010000000000000100000100000000000001000001000000000000010000010000000000000100000000000000000000000
0000000000000000000000000000000000000000000000011001111000000000011011010001000000001100011000010000000010000110000010000001000001000000100000010000010000001000000100000100000010000001000001100000100000100000000000001000001000000000000010000010000000000000100000100000000000001000000100000000000010000001000000000000100000100000000000001000001000000000000010000000000000000000100000000000000000000000
0000000000000000000000000001110000000000000000100010000000000000010000111110000000000100001100100000000010000010001000000001000000100010000000010000001000100000000100000010001000000010000000100010000000100000001000100000001000000010001000000100000000100010000001000000000000100000010000000000001000000010000000000010000000100000000000100000001000000000001000000010000000000010000000000000000000000000
0000000000000000000000000000000011110000000000011001100010000000001001100000010000000100001000000100000010000010000000100000000001100000001000010000011000000000001000000110000000100010000000100000001000100000001000000000001000000010000000100010000000000000001000100000000000000010001000000000000000100010000000000000001000100000000000000010001000000000000000100000000000000000001000000000000000000000
0000000000000000000000000000000011110000000000111101000110000000010001100000100000001100011000000100000010000010000001000001000000100000001000010000001000000010000100000010000000100010000000100000001000100000000000000010001000000000000000100010000000000000010000100000000000000100001000000000000000000010000000000000000000100000000000000100001000000000000001000000000000000000000000000000000000000000
0000000000000000000000000000000000000000000000111100011000000000011001011011000000001100001100011000000010000011000010000001000000100000100000010000001000001000000000000010000001000001000000100000010000100000001000000100001000000000000001000010000000000000010000100000000000000100010000000000000001000100000000000000010001000000000000000100000000000000000001000000000000000000000000000000000000000000
0000000000000000000000000000000011000000000000001111101000000000001100011001000000000110000110010000000011000001100010000000100000011000100000010000000100001000000100000000000001000001000000000000010000100000000000000100001000000000000001000010000000000000010000100000000000000100001000000000000001000010000000000000010001000000000000000100000000000000000001000000000000000000010000000000000000000000
0000000000001110000000000000001100110000000001100110000110000000101110000000100000010001100000001000001000010000000010000010000100000000010000100000000000000100010000000000000001000100000000000000010001000000000000000100010000000000000001000100000000000000001001000000000000000010010000000000000000100100000000000000001001000000000000000110010000000000000000000000000000000000000000000000000000000000
0000000000000000000000000011110011110000000001000011100110000000100000010000100000001000000100001100000100000001000001000000000000000000010000100000000000000100001000000000000000100010000000000000001000100000000000000010001000000000000000100000000000000000001000100000000000000010010000000000000000100100000000000000001001000000000000000010010000000000000000100000000000000000000000000000000000000000
0000000000000000000000000000000011111000000001111100100010000000110001010000010000001000011100000100000100000010000001000010000000100000001000100000000000000000000000000000000000100110000000000000001001000000000000000010010000000000000000100100000000000000001001000000000000000010010000000000000000100100000000000000001001000000000000000010010000000000000000100000000000000000000000000000000000000000
0000000000000000000000000000100000000000000000111101111100000000011001010001100000001000001000001000000110000110000010000010000001000000100000100000011000001000001000000010000010000100000000000000100001000000000000001000010000000000000001000000000000000000010001000000000000000100010000000000000001000100000000000000010001000000000000000100010000000000000001000000000000000000010000000000000000000000
0000000000000000000000000000000000000000000000000001111000000000001111110001000000000100011000001000000000000110000010000000100001100000110000010000001000000000000100000010000001000010000000000000000000100000000000000100001000000000000001000010000000000000010000100000000000000000001000000000000001000010000000000000001000100000000000000010011000000000000000100100000000000000010000000000000000000000
0000000000000000000000000000000000000000000000110001110000000000011011110011000000001000011000010000000010000100000110000001000001000000100000010000010000001000001000000100000010000010000000000000100000000000000000001000001000000000000010000010000000000000000001000000000000001000010000000000000010000100000000000000100001000000000000001000010000000000000000000000000000000000000000000000000000000000
0000000000000000000000000000000000000000000000000000111000000000000111001001000000000110011100011000000011000011000000000000100000100000110000010000001000000100000100000010000001000010000000100000010000000000001000000000001000000000000001000100000000000000010001000000000000000100010000000000000001000100000000000000010001000000000000000100010000000000000000000100000000000000000000000000000000000000
0000000001100111000000000011100111011000000011000001100010000000100000001000010000010000000010000100000100000000100001000011000000001000001000000000000010000010001000000000000000000100000000000000001001000000000000000010010000000000000000100100000000000000001001000000000000000000010000000000000000100100000000000000001001000000000000000010010000000000000000100000000000000000001000000000000000000000
0000000000000000000000000011111011110000000001100011000010000000100000110000100000010000000100000100000100000001000001000010000000010000010000100000000100000010000000000000000000100010000000000000001001000000000000000010010000000000000000100100000000000000001000000000000000000010010000000000000000100100000000000000011001000000000000000100010000000000000001000100000000000000000000000000000000000000
0000000000000000000000000000000011100000000000001111000100000000001100110001000000000010000100001000000001000001000010000000010000010000010000001000000100000100000010000000000001000001000000000000010000010000000000000100001000000000000001000010000000000000010000100000000000000100001000000000000001000100000000000000010001000000000000000100010000000000000001000100000000000000010000000000000000000000
0000000000000000000000000001111011100000000000110010100110000000001000011000100000000100000100001000000010000001000001000000100000010000010000010000000100000100000100000000000001000001000000000000010000100000000000000100001000000000000001000010000000000000001001000000000000000010010000000000000000100100000000000000001001000000000000000010010000000000000000100000000000000000001000000000000000000000
0000000000000000000000000000000000000000000000001110011100000000001100111000100000000110000110000100000001000001100001000000100000010000010000010000000100000100000100000001000000100010000000000000001000100000000000000010001000000000000000100010000000000000001000100000000000000010001000000000000000100100000000000000001001000000000000000100010000000000000000000000000000000000000000000000000000000000
0000000000000000000000000000000000000000000000000000010000000000000110001011000000000011110100011000000001000111000010000000100000110000110000001000001100000100000010000011000000000001000000010000010000000000000000000100001000000000000001000010000000000000010000100000000000000100001000000000000001000010000000000000010001000000000000000100010000000000000001000100000000000000010000000000000000000000
0000000000000000000000000000000000000000000000000000000000000000000111111111100000000010000110001000000010000001100000000000100000011000010000010000000010000010000100000000100000000000000000000000001000100000000000000010001000000000000000100010000000000000001000100000000000000010010000000000000000100100000000000000001001000000000000000010110000000000000000100000000000000000000000000000000000000000
0000000000000000000000000000000001000000000000011110111000000000001000110001000000000100000100011000000001000001000010000000100000000000100000010000000000000100000100000000000001000010000000000000000000100000000000000100001000000000000000100100000000000000001000000000000000000010010000000000000000100100000000000000001001000000000000000010010000000000000001000000000000000000010000000000000000000000
0000000000000000000000000000000000000000000000000001111100000000000011101100100000000001000010001000000000110000100001000000010000001100010000000100000000000000000010000000000001000001000000000000010000000000000000000010000100000000000000100010000000000000000000100000000000000010001000000000000000100010000000000000001000100000000000000110011000000000000000000000000000000000000000000000000000000000
0000001100000000000000001100100011100000000010000111001100000001000001100001000000010000011000001000001000000100000010000010000000000000100000100000000000001000010000000000000001000100000000000000010001000000000000000100010000000000000001000100000000000000010001000000000000000100010000000000000001000100000000000000010001000000000000000100000000000000000001000000000000000000000000000000000000000000
0000000000000000000000000000000000000000000000000000111100000000001111111001100000000100001100001000000001000011000010000000100000010000010000001000000000000100000010000000000001000001000000000000010000010000000000000100001000000000000001000010000000000000010000100000000000000100000000000000000000000010000000000000010000100000000000000100001000000000000001000000000000000000000000000000000000000000
0000000000000000000000000000000000000000000001111000111000000000100011010010000000010000011000110000001100000110000100000010000001000001000000100000010000001000010000000100000010000100000001000000100001000000000000001000010000000000000010001000000000000000100010000000000000001000100000000000000010000100000000000000100001000000000000001000010000000000000000001000000000000000000000000000000000000000
0000011100000010000000001000100001100000000010000100101000000001000001011001000000100000011000010000001000000011000010000100000000100000100001000000001000001000000000000010000000000100000000100000100000000000000000001000010000000000000010000100000000000000100001000000000000001000010000000000000000000100000000000000100001000000000000001000010000000000000010000100000000000000100000000000000000000000
0000011001000011000000001000001011010000000010000010100010000001000000010000100000100000000100001000010000000001000010000100000000010000100000000000000100001000010000000001000010001000000000010000100010000000000000001000000000000000000001001000000000000000010010000000000000000000000000000000000001000100000000000000010001000000000000000100010000000000000001000000000000000000010000000000000000000100
0000000111000000000000000010010001110000000000100010100010000000110000101000100000001000001100001100000010000011000001000001000000110000010000010000001100000100001000000010000001000010000000100000010000100000001000000100000000000010000001000100000000000000010001000000000000000100010000000000000001000100000000000000010001000000000000000100010000000000000001000100000000000000000000000000000000000000
0000000000000000000000000001111001111000000000100010100010000000001000010000100000000100000100000100000010000001000001000001000000010000010000010000000100000100000000000001000001000010000000010000010000100000000100000100001000000000000001000010000000000000010000100000000000000000000000000000000001000010000000000000010000100000000000000100001000000000000001000010000000000000010000000000000000000000
0000000000000000000000000000000001100000000000000000111100000000000001111001000000000001010100001000000000010001100010000000001000011000010000000010000110000100000001000001100001000000100000011000010000001000000110000100000000000001000001000001000000000000010000010000000000000100000100000000000001000001000000000000010000110000000000000100001000000000000001000000000000000000010000000000000000000000
0000000000000000000000000111100111100000000010001011000100000001100001100001000000110000011000001000001000000100000010000010000001000000100001000000100000001000010000001100000010000100000001000000000000000000010000001000010000000100000010000100000000000000100001000000000000001000010000000000000010000100000000000000100001000000000000001000010000000000000010000000000000000000100000000000000000000000
0000000000001110000000000001110100010000000001100111000110000000010000100000100000001000001000001000000100000010000001000010000000100000010000000000001000000100001000000000000001000010000000000000010001000000000000000100010000000000000000100100000000000000001001000000000000000010010000000000000000100100000000000000001001000000000000000010010000000000000000100000000000000000011000000000000000000100
0000000111001111000000000011001010010000000001100011000010000000010000110000100000001000000100001000000010000011000010000001000000110000100000010000001100000100000000000011000001000010000000010000010000100000000000000100001000000000000001000010000000000000010000000000000000000100001000000000000001000010000000000000010000100000000000000100000000000000000001000000000000000000010000000000000000000000
0000000000000110000000000001111010110000000000100011000010000000010000110000100000000100001000001000000010000010000001000000100000100000010000011000001000000100000000000000000001000001000000000000010000010000000000000000000100000000000001000001000000000000010000010000000000000000001000000000000001000010000000000000010000100000000000000100000000000000000001000000000000000000010000000000000000000000
0000000000000110000000000011100110010000000001001101000100000000010001010001000000011000011100010000001100000110000100000010000001100000000001100000001000001000010000000110000010000100000001100000100001000000000000001000010000000000000000000100000000000000100001000000000000001000010000000000000010000100000000000000100001000000000000001100000000000000000001000000000000000000000000000000000000000000
0000000000001100000000000011100101100000000001101110001000000000010001100010000000001000011000010000000010000010000100000001000000100001000000100000001000000000001000000010000100000010000000000001000000100000000000010000001000000000000100000100000000000001000001000000000000010000010000000000000100000100000000000001000001000000000000010000000000000000000100000000000000000001000000000000000000000000
0000000000001100000000000011100110110000000001000101000110000000100001100000100000001000010000001000000100000100000010000001000001000000010000010000000000000100001000000000000001000010000000000000000000100000000000000100001000000000000001000100000000000000010001000000000000000010010000000000000000100100000000000000001001000000000000000010000000000000000000000000000000000000000000000000000000000000
0000000000000000000000000000000111100000000000001111001000000000000100100001000000000010001000010000000001000010000010000000010000100000000000001000001000001000000000000010000010000000100000000000100000010000000000001000001000000000000010000010000000000000100000100000000000000100001000000000000001000010000000000000100001100000000000001000000000000000000010000000000000000000100000000000000000000000
0000000000000110000000000011110010110000000000100101000110000000010001100000100000000100001000001000000010000010000010000001000000100000100000010000001000001000001000000010000001000010000000000000010001000000000000000100010000000000000001000100000000000000010001000000000000000100010000000000000001000100000000000000010001000000000000000100000000000000000001000000000000000000010000000000000000000000
0000000000011111000000000011000100011000000001101110000010000000100001100000110000001000011000000100000100000010000001000001000000100000010000010000001000000100001000000000000001000010000000000000000000100000000000000100010000000000000001000100000000000000010001000000000000000100010000000000000000000100000000000000100000000000000000001000000000000000000010000000000000000000000000000000000000000000
0000000000000000000000000000000011100000000000000111000100000000001110110001100000000010001000001000000001000011000010000000100000110000100000001000000100000100000100000001000001000001000000000000010000100000000000000100001000000000000000000010000000000000010000100000000000000100010000000000000001000100000000000000010001000000000000000100010000000000000001000000000000000000010000000000000000000000
0000000000000000000000000111110000111000000010000010111011000001000000111000010000100000000100000100001000000001000001100110000000110000001001000000001100000010010000000011000000100100000000010000001001000000000000000010010000000000000000100100000000000000001001000000000000000010010000000000000000100100000000000000001001000000000000000010010000000000000000100000000000000000011000000000000000000000
0000000000000000000000000000000001000000000011111001111000000000100011110001000000010000011000011000001000000100000010000100000001000000100001000000010000001000010000000100000010000100000000000000100001000000000000001100010000000000000001000100000000000000010001000000000000000100010000000000000001000100000000000000010001000000000000000100010000000000000001000000000000000000010000000000000000000000
0000000000000000000000000011110000000000000001000110111110000000100000111000100000011000001100000100000100000011000001000001000000110000010000100000001000000100001000000010000001000010000000100000010001000000000000000110010000000000000000100100000000000000001001000000000000000010010000000000000000100000000000000000001001000000000000000010010000000000000000100100000000000000000000000000000000000000
0000001111100111100000000100001011001000000010000011000001000000000000010000010000010000000100000100001000000001000001000010000000010000010000100000000100000010010000000001000000100100000000010000001001000000000100000010000000000000000000100100000000000000000010000000000000000010100000000000000000101000000000000000010010000000000000000100110000000000000001000100000000000000000000000000000000000000
0000000111100110000000000011001111111000000001000001100010000000100000010000100000011000000100000100000000000001000001000001000000010000010000100000000100000100001000000001000001000100000000010000010001000000000000000100010000000000000001000100000000000000000001000000000000000100010000000000000001000000000000000000010001000000000000000100010000000000000001000000000000000000010000000000000000000100
0000000000000000000000000011110000000000000001100110011000000000110000101111000000001000001110001000000100000011000010000000000000010000100000100000001000000000010000000011000010000100000000110000100001000000000100001000010000000000000010000000000000000000100001000000000000001000010000000000000010000100000000000000100001000000000000001000010000000000000010000100000000000000100000000000000000001000
0000000111100000000000000010001001111100000001000001100001100000100000010000001000010000000100000010000100000001000000100010000000010000001000100000000100000010010000000001000000100100000000000000000001000000000000000010010000000000000000000000000000000000001010000000000000000010100000000000000000101000000000000000000010000000000000000010100000000000000000100000000000000000001000000000000000000000
0000000000000000000000000000111000000000000000110010111110000000010000111000110000001000000100000100000100000001000001000001000000010000010000100000000100000100001000000001000001000010000000000000010000000000000000000100010000000000000001000100000000000000010001000000000000000100010000000000000001000100000000000000010001000000000000000100010000000000000001000000000000000000010000000000000000001100
0000000000000000000000000001110000000000000001100101111100000000100001110001000000110000010000001000001000000100000010000100000000000000100001000000000000001100110000000000000001001000000000000000010010000000000000000100100000000000000001001000000000000000010010000000000000000100010000000000000001000100000000000000010001000000000000000100100000000000000001000000000000000000000000000000000000000000
0000000000000000000000000000000000000000000000000000011111000000001110001000010000000110100100000110000010000110000000100001000001100000001000100000011000000010001000000110000000100010000000100000001001000000001000000010010000000010000000100100000000100000000001000000000000000010000000000000000000100100000000000000001001000000000000000010010000000000000000100000000000000000000000000000000000000000
0000000000000000000000000011111000111000000001100011010010000000110000010100010000001000000110000100000100000001000001000000000000010000010000100000000100000100001000000001000001100010000000010000001000000000000100000010010000000011000001000100000000000000010001000000000000000100010000000000000001000100000000000000010001000000000000000100000000000000000001000000000000000000010000000000000000000000
0000000000000000000000000000000000000000000000011100111100000000001001111001100000000100001100001000000010000010000010000000100000100000010000010000001000000100000100000010000001000010000000100000010000100000001000000100001000000010000001000010000000000000100000100000000000001000010000000000000010000100000000000000100001000000000000001000010000000000000010000000000000000000100000000000000000000000
0000000000000000000000000011100000000000000001001001111100000000100011010001000000011000011000011000000100000110000010000010000000100000100000100000010000001000001000000100000010000000000001000000100000100000010000001000001000000100000010000100000000000000100001000000000000001000010000000000000010000100000000000000100001000000000000001000000000000000000110000000000000000001000000000000000000000000
0000000000000000000000000000000011100000000000111101000100000000010001010000100000011000011000001000000100000010000001000011000000100000010000000000001000000100001000000010000011000010000000100000100001000000000000000100000000000000000001000100000000000000010001000000000000000100010000000000000001000100000000000000110001000000000000001000000000000000000010000000000000000001100000000000000000000000
0000000000000000000000000000000000000000000000000000011000000000001111101101100000000100001010000100000010000001000001100000100000010000001000010000000100000010000100000001000000100010000000010000001000100000000100000010001000000000000000100100000000000000001001000000000000000010010000000000000000100100000000000000001001000000000000000010000000000000000000100000000000000000001000000000000000000000
0000000000000000000000000000000001100000000001111111110111000000110000010000010000001000000100000010000010000001000000100000000000010000001000010000000100000010001000000001000000100010000000010000001000100000000000000010001000000000000000100010000000000000001000100000000000000010001000000000000000100010000000000000001000100000000000000010000000000000000000000000000000000000000000000000000000000000
0000000000000111100000000000000011000110000000111111100000100000011000110000001000000100001100000000000010000011000000100001000000110000001100010000001100000001001000000001000000010010000000000000000100100000000000000001001000000000000000010010000000000000000100100000000000000001001000000000000000010010000000000000000100100000000000000001001000000000000000100000000000000000001000000000000000000000
0000000000000000000000000000000000000000000000000000000000000000000011100111000000000001000111001100000000100001100001000000001000010000001000000100000100000000000001000001000000100000100000010000001000001000000100000010000100000001000000100001000000000000000000010000000000000010001100000000000000100010000000000000011000100000000000000100001000000000000001000010000000000000000000000000000000000000
0000000000000000000000000000000000000000000000111111011110000000011000001000110000001000000010000100000010000001100000100001000000011000001000010000000110000010001000000000100000100010000000001000000000100000000000000010001000000000000000100100000000000000001001000000000000000010010000000000000000100100000000000000001011000000000000000010000000000000000001000000000000000000000000000000000000000000
0000000000000000000000000000000011100000000000111111101110000000011000110000100000001100001000001100000110000010000011000001000000100000100000110000001000001100001000000000000001000010000000000000010000100000000000000100010000000000000001000100000000000000010001000000000000000100010000000000000001000100000000000000010011000000000000000100010000000000000001000000000000000000000000000000000000000000
0000000000000000000000000011110011111000000000100111100011000000010000110000010000001100001100000100000010000011000001000001000000100000010000000000001000000100001100000010000001000010000000100000010000100000001000000100001000000000000001000100000000000000010001000000000000000100010000000000000001000100000000000000010001000000000000000100010000000000000001000100000000000000110000000000000000000000
0000000000000000000000000001111001110000000001100001110011000000010000011000010000001000000100000010000100000001000000100001000000010000001000010000000100000000000100000001000000100010000000010000001000100000000000000010001000000000000000100010000000000000001000000000000000000010001000000000000000100010000000000000000001100000000000000100010000000000000001000000000000000000010000000000000000000000
0000000000000000000000000000000001110000000000001100100110000000001101110000100000000110001100000100000001000011000001000000110000100000010000001000001000000000000100000010000001000001000000100000010000010000001000000100000100000000000001000010000000000000010000100000000000000100001000000000000001000010000000000000100000100000000000001000001000000000000010000010000000000000100000000000000000001000
0000000000000000000000000000100001110000000000111100100010000000010001110000100000000100001000001000000010000010000001000001000000100000010000010000001000000100000000000010000000000001000000000000010000010000000000001000001000000000000010000010000000000000000000100000000000001000000000000000000010000010000000000000100000100000000000001000001000000000000100000000000000000001000000000000000000000000
0000000000000000000000000000000000000000000001111100111100000000010001001001100000001000001100001000000100000010000010000001000000100000100000100000001000000000001000000010000010000000000000100000100000100000001000001000001000000010000010000010000000100000100000100000000000001000001000000000000010000010000000000000100000100000000000001000001000000000000000000000000000000000000000000000000000000000
0000000000000000000000000000000000000000000000110000111100000000010011001001100000001100010100001000000100000110000010000001000001100000100000010000011000001000001000000100000000000010000001000000100000100000010000001000000000000000000010000100000000000000100001000000000000001000010000000000000010000100000000000000100001000000000000001000010000000000000000000000000000000000000000000000000000000000
0000000000000000000000000000000000000000000000000000111110000000000111101000100000000010001100001000000001000010000001000000010000100000010000001000001000000000000010000010000001000000000000100000010000010000001000000100000100000010000001000001000000000000010000010000000000001000000100000000000010000001000000000000100000010000000000000000000100000000000000000000000000000000000000000000000000000000
0000000011100000000000000011001101110000000000100001110110000000010000011000010000000100000110000100000010000001100001000000000000011000010000001000000010000100000100000001100001000001000000011000010000010000000100000100001000000000000001000010000000000000010000100000000000000100001000000000000001000010000000000000010000100000000000000100000000000000000001000000000000000000000000000000000000000000
0000000000000000000000000001111110000000000000010000111111000000001000000100010000000100000001000010000010000000010000100000000000000100000000011000000000000010000100000000000000010001000000000000000100000000000000000001001000000000000000010010000000000000000100100000000000000001001000000000000000010010000000000000000100100000000000000001000000000000000000010000000000000000001000000000000000000000