0000000000000000000000000001111110000000000000110000110000000000010000000010000000011000000000100000000100000000000100000010000000000001000000100000000000011000001000000000000010000100000000000000100001000000000000001000010000000000000010000010000000000000100000100000000000011000001000000000000100000001000000000011000000011000000011000000000001000011100000000000001111100000000000000000000000000000
0000000000000000000000000000001110000000000000011100011000000000001000000001000000001100000000011000000110000000000010000010000000000000010000100000000000000100001000000000000001000010000000000000010000100000000000000100001000000000000001000010000000000000010000010000000000001100000100000000000010000000100000000001000000001000000001110000000001100011110000000000000111000000000000000000000000000000
0000000000000000000000000000001111000000000000011100001100000000011100000000100000001000000000001100000100000000000001000010000000000000010000100000000000000010010000000000000000100100000000000000001001000000000000000010011000000000000000100010000000000000001000110000000000000010000100000000000001000001100000000000100000001000000000011000000001111110001000000000000011001100000000000000111100000000
0000000000000000000000000000111111000000000000110000001100000000110000000001000000001000000000001000000110000000000010000001000000000000100000010000000000001000000100000000000001000000100000000000010000001000000000000100000010000000000010000000010000000000100000000100000000011000000001000000000100000000001000000110000000000011001111000000000000011110000000000000000000000000000000000000000000000000
0000000111011111000000000110000000010000000000000000000010000000100000000000100000010000000000000100001000000000000001000010000000000000010000000000000000000010010000000000000000100100000000000000000000100000000000000010001000000000000000100001000000000000010000010000000000001100000100000000000100000001100000000110000000000100000111000000000000111100000000000000000011100000000000000000000000000000
0000000000011100000000000000101000100000000000111000000100000000010000000001000000000100000000001000000010000000000010000001100000000000010000010000000000000100000100000000000001000001000000000000010000010000000000000100000010000000000001000000100000000000110000001000000000001000000001000000000010000000011000000001000000000010000001100000000000011111000000000000000000000000000000000000000000000000
0000000000000000000000000000011110000000000000001000011000000000001100000001000000001100000000010000000010000000000010000001000000000000100000010000000000001100000100000000000000000001000000000000010000010000000000000100000100000000000001000001000000000000010000010000000000000100000100000000000011000000100000000001100000001100000000110000000000111111110000000000000111100000000000000000000000000000
0000000011111100000000000011000000100000000001000000000100000000100000000001100000010000000000001000001000000000000001000010000000000000010001000000000000000100010000000000000001000010000000000000010000100000000000000100001000000000000000000001000000000000010000010000000000000100000010000000000010000000110000000001000000000010000011100000000000111101000000000000000110000000000000000000000000000000
0000000000000000000000000000101111100000000000011000001100000000001000000001100000000100000000001000000010000000000010000001000000000000100000100000000000000100001000000000000000000010000000000000010000100000000000000100001000000000000001000001000000000000010000010000000000001000000010000000000010000000110000000000100000000100000000110000000000111110111000000000000111000000000000000000000000000000
0000000011010000000000000001000011000000000000100000001100000000010000000001000000001000000000001000000100000000000010000001000000000000100000010000000000000100001000000000000001000010000000000000010000100000000000000100001000000000000001000001000000000000010000010000000000001000000010000000000010000000010000000001000000000011000001100000000000001111100000000000000000000000000000000000000000000000
0000000111111000000000000010000001100000000001000000001000000000100000000001000000010000000000001000000100000000000010000001000000000000100000010000000000000000000100000000000010000001000000000000100000010000000000001000000100000000000010000001000000000000100000010000000000001000000010000000000010000000100000000011000000000110000001100000000000110111100000000000000111100000000000000000000000000000
0000000000000000000000000000000000000000000000000011101000000000000111000001000000000010000000001100000001000000000001000000010000000000010000001000000000000100000010000000000000100001000000000000001000010000000000000010001000000000000000100010000000000000001000010000000000000100000000000000000011000001000000000000100000001000000000110000000001000000011000000000001111101000000000000000010000000000
0000000000000000000000000000000101100000000000011100000100000000001100000001000000000100000000001000000010000000000001000000000000000000010000001000000000000100000000000000000000100001000000000000001000010000000000000010000100000000000000100000000000000000001000010000000000000100000010000000000011000000010000000000100000000100000000110000000000110001010000000000000011100000000000000000000000000000
0000000000000000000000000001111100000000000000100000011100000000010000000001000000001000000000001000000010000000000000000001000000000000100000100000000000000100001000000000000001000000000000000000000001000000000000000100010000000000000001000100000000000000010000100000000000000000001000000000000010000000100000000000100000000100000000010000000000111000001000000000000011111100000000000000000000000000
0000000000011100000000000000011000100000000000001000001000000000000100000001000000000010000000010000000001100000000010000000010000000000000000001000000000001000000010000000000010000000100000000000010000001000000000000100000010000000000001000000100000000000010000001000000000000100000010000000000011000000110000000001100000000100000000100000000000110010110000000000000111100000000000000000000000000000
0000000000000000000000000000000000000000000000000111100000000000011110001100000000001100000000110000000100000000000100000010000000000001000000100000000000010000010000000000000010000100000000000000100001000000000000001000010000000000000010000010000000000001000000100000000000010000001000000000000100000001000000000001000000001000000001100000000001100000100000000000001111110000000000000000000000000000
0000000000011000000000000000011001100000000000010000000100000000001100000001000000000100000000000000000010000000000010000000100000000000100000010000000000001000000100000000000010000000000000000000100000010000000000001000000100000000000000000001000000000000100000010000000000001000000100000000000100000000100000000001000000001000000000100000000001100101110000000000001110000000000000000000111000000000
0000000111111110000000000110000001100000000001000000001100000000100000000001000000010000000000011000000000000000000100000010000000000000100000100000000000001000010000000000000010000100000000000000100001000000000000001000010000000000000010000010000000000000100000000000000000011000001100000000000100000000100000000010000000001100000000100000000001100000110000000000000111110000000000000011110000000000
0000000011111000000000000001000001110000000000100000000100000000010000000000100000000100000000001000000010000000000010000001000000000000010000010000000000000100000000000000000001000001000000000000010000010000000000000100000100000000000000000001000000000000110000001000000000001000000010000000000010000000010000000011000000000010000001000000000001111111100000000000010011100000000000000000000000000000
0000000000000000000000000000000000000000000000001111110000000000000110000110000000000110000000010000000010000000000100000001000000000000100000010000000000001000001000000000000010000010000000000000100000100000000000001000001000000000000010000001000000000000100000010000000000001000000100000000000010000000100000000000100000001100000000010000000001110000001000000000000011111100000000000000111100000000
0000000000000000000000000000011011000000000000011000001000000000001000000001000000001100000000011000000100000000000010000001000000000000100000010000000000000100000100000000000001000001000000000000010000010000000000000100000100000000000001000001000000000000010000010000000000000100000100000000000010000000100000000001100000001100000000010000000000100000011000000000000111111000000000000101110000000000
0000000000000000000000000000111110000000000000100000011000000000010000000001100000000100000000001000000010000000000011000001100000000000000000010000000000000100000000000000000001000010000000000000010000100000000000000100001000000000000001000010000000000000100000110000000000001000000000000000000000000000100000000011000000000100000001100000000000111111100000000000000111110000000000000000000000000000
0000000000000000000000000000000000000000000000000111000000000000000110001110000000000110000000110000000001000000000110000000110000000000100000001000000000001000000100000000000001000001000000000000010000010000000000000100000100000000000001000001000000000000010000010000000000000100000100000000000010000001000000000000100000001000000000011000000011000000001100000000001111111110000000000000011000000000
0000000000000000000000000000000111000000000000011111011000000000011000000001000000001000000000010000000100000000000010000001000000000000100000100000000000000100001000000000000001000010000000000000010000100000000000000100001000000000000011000010000000000000000000010000000000001000000100000000000010000000100000000001000000001100000000100000000001000000011000000000001101010000000000000001110000000000
0000000000011000000000000001101001100000000000100000001000000000110000000001000000001000000000001000000100000000000010000010000000000000100000100000000000000100001000000000000001000010000000000000010000100000000000000100001000000000000001000010000000000000100000100000000000001000001000000000000110000001000000000001000000011000000011000000000001111111000000000000000111100000000000000000000000000000
0000000000000000000000000000111100000000000000010000101000000000110000000011000000010000000000011000001100000000000010000010000000000000010000100000000000000100000000000000000001000010000000000000010000100000000000000100001000000000000001000001000000000000010000010000000000001100000100000000000010000000100000000001000000000100000000110000000000110000010000000000000011111000000000000000100000000000
0000000011111000000000000011000001100000000001000000000110000000100000000000010000001000000000000010001000000000000000100010000000000000001001000000000000000010010000000000000000000100000000000000001001000000000000000010010000000000000000100100000000000000011000100000000000000100001000000000000010000001000000000000100000001000000000110000000001110010110000000000000111110000000000000001000000000000
0000000000000000000000000000000000000000000000011111100000000000001000000010000000001100000000011000000100000000000010000010000000000000100000100000000000000100011000000000000001000100000000000000010000100000000000000000001000000000000010000010000000000000100000100000000000010000001000000000000100000001000000000010000000001000000001100000000011000001100000000000001111100000000000000000000000000000
0000000000000000000000000000011011100000000000011000000110000000001000000000100000000100000000000100000010000000000001000001000000000000010000100000000000000100001000000000000000100100000000000000001001000000000000000010010000000000000001000100000000000000010000100000000000001100001000000000000010000001000000000011000000001100000111000000000000111110000000000000000011110000000000000000000000000000
0000000000000000000000000000000110000000000000001010001000000000000100000001000000000110000000010000000010000000000010000000100000000000100000010000000000000000000100000000000010000001000000000000010000010000000000000100000100000000000001000001000000000000010000000000000000001000000100000000000010000000100000000001100000001000000001100000000001100111100000000000000111100000000000000000000000000000
0000000000000000000000000000111111100000000000110000000100000000000000000000100000000100000000001000000010000000000001000001000000000000010000100000000000000100001000000000000001000010000000000000000000100000000000000100001000000000000001000000000000000000010000010000000000000100000010000000000010000000110000000001100000000011000000100000000000001101100000000000000011110000000000000000000000000000
0000000000000000000000000000000011100000000000000101000110000000000110000000110000000010000000000100000001000000000000100000000000000000001000001000000000000010000100000000000000100001000000000000000000010000000000000010000100000000000000100001000000000000001000001000000000000100000011000000000010000000010000000000100000000010000000110000000000011111110000000000000000000000000000000000000000000000
0000000000000000000000000000000000000000000000000000000000000000000111101100000000000010000000110000000001000000000010000000110000000000100000001000000000001000000010000000000001000000100000000000000000001000000000000100000010000000000001000000000000000000010000001100000000000100000001000000000001000000001000000000100000000001000000011000000000001010001000000000000000111100000000000000110000000000
0000000000111000000000000000110001000000000000010000001100000000001000000001000000000100000000001000000010000000000010000001000000000000100000010000000000001000001000000000000010000010000000000000100000100000000000001000000100000000000010000001000000000000100000011000000000010000000010000000000100000000010000000010000000000010000001000000000000111111000000000000000011100000000000000000000000000000
0000000000000000000000000000000000000000000000011011111000000000001000000001000000000100000000010000000010000000000010000001000000000000100000100000000000001000001000000000000001000010000000000000010000100000000000000100001000000000000001000011000000000000100000010000000000001000000100000000000100000000100000000001000000000100000000100000000000111100110000000000000111010000000000000000000000000000
0000000000011110000000000000011000010000000000010000000010000000001000000000010000000110000000000110000000000000000000100000010000000000001000001000000000000000000110000000000000100001000000000000001000011000000000000010000010000000000000100000000000000000010000001000000000000100000010000000000010000000010000000001000000000011000001100000000000001111100000000000000111000000000000000000000000000000
0000000001110000000000000001100011000000000000100000001000000000010000000011000000011000000000010000001000000000000010000010000000000000100001000000000000001000010000000000000000000100000000000000100001000000000000001000010000000000000010000010000000000001100000100000000000010000001000000000001000000001000000000110000000001001111110000000000001010000000000000000000110000000000000000000000000000000
0000000000110000000000000001010011000000000000100000001100000000110000000000000000010000000000011000001000000000000010000010000000000000100001000000000000001000010000000000000001000010000000000000010000100000000000001000001000000000000010000010000000000000000000010000000000001000000100000000000100000000110000000010000000000100000001100000000000111110100000000000000110000000000000000000000000000000
0000000000000000000000000000111111100000000000010000001100000000011000000001000000000100000000001000000010000000000010000000100000000000010000010000000000000100000100000000000001000001000000000000010000010000000000000100000100000000000001000001100000000000010000000000000000001000000011000000000010000000010000000001000000000010110111100000000000011100000000000000000001000000000000000000000000000000
0000000000000000000000000000000110000000000000011110011000000000001000000001000000000100000000001000000010000000000010000000100000000000010000011000000000000100000100000000000001000001000000000000001000010000000000000010000010000000000000100000100000000000000000000100000000000100000001000000000010000000001000000000100000000001000001100000000000011111100000000000000001100000000000000000000000000000
0000000000000000000000000000111110110000000000010000000100000000001000000000100000000100000000000100000010000000000001000001100000000000001000010000000000000010000100000000000000100010000000000000001000100000000000000100001000000000000001000001000000000000010000000000000000001000000110000000000010000000100000000001000000000100000011100000000000111111000000000000000111110000000000000000000000000000
0000000000000000000000000000000000000000000000011101110000000000001000000010000000000100000000010000000010000000000110000001000000000000000000100000000000001000001000000000000010000100000000000000100001000000000000001000010000000000000010000100000000000000100000100000000000010000001000000000000100000001100000000011000000000100000001100000000001110001100000000000000011100000000000000000000000000000
0000000011111111100000000001000000001000000001100000000001000000100000000000001000000000000000000010000100000000000000100010000000000000001001100000000000000000010000000000000000100100000000000000000001000000000000000010010000000000000001000010000000000000010000100000000000001000000100000000000110000001000000000011000000011000000011000000000011111111000000000000001100100000000000000001110000000000
0000000000000000000000000000011111100000000000011000001100000000011000000000100000001000000000001100000010000000000001100001000000000000001000100000000000000001010000000000000000000100000000000000000100000000000000000001010000000000000000010100000000000000000100100000000000000010001100000000000000100001000000000000010000001000000000001000000001100000001100000000001111111000000000000010000000000000
0000000000001000000000000000011001100000000000011000001000000000001000000001000000000100000000001000000010000000000001000000100000000000010000010000000000000100001000000000000000100010000000000000001000100000000000000010000000000000000000100010000000000000001000100000000000000100001000000000000001000011000000000000100000011000000000011000000011100000011000000000001111111000000000000000000000000000
0000000000101100000000000001011000110000000000100000000100000000010000000000100000001000000000000100001100000000000001000010000000000000010001000000000000000100010000000000000000100100000000000000001001000000000000000010010000000000000000100100000000000000001001100000000000000110001000000000000001000001000000000000100000010000000000110000000011000000011000000000011111101000000000000001111100000000
0000000000000000000000000000000000000000000000000011000000000000000111001110000000000110000000010000000010000000000010000001000000000000100000100000000000000100010000000000000001000100000000000000010001000000000000000100100000000000000001001000000000000000010011000000000000000100010000000000000011000110000000000000100000100000000000010000000110000000011000000000011100101000000000000001111000000000
0000000011011111100000000001000000001100000001100000000000100000100000000000001000010000000000000001001000000000000000010010000000000000000101000000000000000000010000000000000000001000000000000000000010000000000000000000010000000000000000010100000000000000000100100000000000000011000100000000000000100001000000000000110000001100000000101000000000110000110000000000001111110000000000000000000000000000
0000000000000000000000000000000000000000000000000111111100000000000110000000100000000010000000001100000001000000000001000001100000000000001000110000000000000010001000000000000000100010000000000000001000100000000000000010001000000000000000010010000000000000001000100000000000000010000100000000000000100001100000000000011000001000000000001100000001100000001100000000001111101100000000000000111000000000
0000000000000000000000000000000001100000000000000011100110000000000111000000011000000010000000000010000000100000000000010000010000000000000100000100000000000001000010000000000000010000100000000000000100001000000000000000000010000000000000010000100000000000000100001000000000000010000011000000000000100000010000000000010000000010000000011000000000110000001000000000000111101100000000000000000000000000
0000000000000000000000000000001101111000000000011100000001000000011000000000001000001000000000000000000100000000000000010001000000000000000100100000000000000000001000000000000000000000000000000000000000100000000000000000000100000000000000010001000000000000000100001000000000000000000010000000000000100000010000000000001000000011000000001100000000011110000100000000001000111100000000000011100000000000
0000000000000000000000000001111100000000000000100000111000000000100000000011100000010000000000001100001000000000000001000100000000000000011001000000000000000010100000000000000000101000000000000000001010000000000000000010110000000000000000100100000000000000001001000000000000000010001000000000000001000011000000000001100000011000000000110000000010000011010000000000011111100000000000000000000000000000
0000000000000000000000000000000000000000000000000011110000000000000011100111000000000011000000010000000001000000000010000000100000000000100000010000000000000100000100000000000001000010000000000000010000100000000000000100001000000000000001000010000000000000010000110000000000000100000100000000000001000001100000000000010000001000000000001000000001100000000100000000000111111110000000000000110000000000
0000000000000000000000000000000000000000000000000111000000000000000110001110000000000110000000110000000010000000000100000001000000000001000000010000000000001000001000000000000010000010000000000000100000100000000000001000001000000000000010000001000000000000100000010000000000001000000100000000000100000001000000000001000000011000000000110000000011000000111000000000001111111000000000000000000000000000
0000000001111111000000000001100000011000000000110000000010000000110000000000010000010000000000000100001000000000000001000100000000000000001001000000000000000000010000000000000000100100000000000000001001000000000000000010010000000000000000100010000000000000011000100000000000000100001000000000000001000001000000000001100000001000000000110000000001111001100000000000001111100000000000000000000000000000
0000000000000000000000000000000000000000000000000111110000000000001110000011000000001110000000001000000010000000000001000001000000000000010000100000000000000100001000000000000001000010000000000000001000100000000000000010001000000000000000100001000000000000001000010000000000000100000100000000000001000001000000000000100000001000000000001000000001000000001100000000001111100100000000000000111100000000
0000000111111101100000000110000000110100000011000000000011100000100000000000010100010000000000000011001000000000000000100100000000000000000101000000000000000001010000000000000000000100000000000000000101000000000000000001010000000000000000010100000000000000000100100000000000000010001000000000000001100011000000000000110000011000000000111000000001000000111000000000001111111000000000000000111000000000
0000000111111100000000000010000000100000000011000000000100000000100000000000100000110000000000001100011000000000000001000100000000000000010011000000000000000100100000000000000001001000000000000000010010000000000000000100110000000000000001000100000000000000010001000000000000001000011000000000000010000011000000000001100000011000000000110000000011100111110000000000001111010000000000000000011100000000
0000000000011000000000000000111001100000000001110000001100000000010000000001100000001000000000001000000100000000000010000010000000000000010000100000000000000100001000000000000000100100000000000000001001000000000000000010001000000000000000100010000000000000010000100000000000000100000100000000000011000001100000000001100000001000000001110000000001110001110000000000000111110000000000000000000000000000
0000000000001100000000000001111101110000000000110000000110000000010000000000100000011000000000000100000100000000000000100010000000000000001000100000000000000010010000000000000000010100000000000000000101000000000000000001010000000000000000010100000000000000000101100000000000000001001100000000000000100001000000000000011000001000000000001100000001100000001100000000001111011100000000000011111000000000
0000000001110000000000000001100111110000000000100000000110000000110000000000010000010000000000000100001000000000000000100100000000000000001001000000000000000010100000000000000000101000000000000000001010000000000000000010100000000000000000101000000000000000001011000000000000000100010000000000000011000100000000000001100000110000000001110000000111011111100000000000011111000000000000000000000000000000
0000000101000111100000000010000000000100000011000000000001000001000000000000001000100000000000000001010000000000000000011000000000000000000110000000000000000001100000000000000000011000000000000000000100000000000000000001100000000000000000011000000000000000001010000000000000000010100000000000000001001100000000000001100000100000000000100000000110100000110000000000001111010000000000000011100000000000
0000000000111100000000000001110000110000000000010000000110000000010000000000010000001000000000000010000100000000000000100010000000000000001000100000000000000010001000000000000000010010000000000000000100100000000000000001001000000000000000010010000000000000000100010000000000000010000010000000000000100000100000000000110000000110000000111000000000111000110000000000000111100000000000000010000000000000
0000000000000000000000000000000111100000000000111100000100000000110000000000100000110000000000001100010000000000000000100100000000000000001010000000000000000011100000000000000000001000000000000000000101000000000000000001010000000000000000010000000000000000001001100000000000000010001000000000000001000011000000000000010000011000000000011000000001110100111000000000000111110000000000000000000000000000
0000000011111111000000000001100000011000000000100000000011000000100000000000010000010000000000000110001000000000000000100100000000000000001001000000000000000010100000000000000000101000000000000000001011000000000000000010010000000000000000100100000000000000001000100000000000000100001100000000000001000001000000000001100000001000000000110000000001100000011000000000000111111000000000000001111000000000
0000000011111111000000000011000000011000000001000000000011000000100000000000010000010000000000000010000100000000000000110010000000000000000100100000000000000001010000000000000000010100000000000000000101100000000000000001001000000000000000010010000000000000001000110000000000000010000100000000000001100001100000000000110000001000000000110000000001110000110000000000000111110000000000000000011000000000
0000000000000000000000000000000000000000000000011111111000000000011000000001000000001100000000001000000100000000000011000010000000000000010000100000000000000000001000000000000000100010000000000000001000100000000000000010000100000000000000100001000000000000001000001000000000000010000010000000000000100000010000000000010000000010000000001000000000011000000110000000000001111110000000000001110000000000
0000000111111111100000000010000000001100000001000000000001100000110000000000001000010000000000000001001100000000000000010010000000000000000100100000000000000001010000000000000000010100000000000000000101000000000000000001001000000000000000010010000000000000001100100000000000000100001100000000000001000001000000000001100000001100100011000000000000111111000000000000000111100000000000000000000000000000
0000000011111111000000000001100000001100000001000000000001000001110000000000001000010000000000000011011000000000000000010100000000000000000111000000000000000001100000000000000000011000000000000000000110000000000000000001100000000000000000011000000000000000001011000000000000000110010000000000000001000010000000000000100000011000000000010000000001100000101000000001100111110000000000000111110000000000
0000000011111111000000000001000000001000000001100000000011000000100000000000001000110000000000000011001000000000000000010100000000000000000101000000000000000001010000000000000000000100000000000000000101000000000000000001010000000000000000010100000000000000001001100000000000000010000100000000000001100001000000000001000000001000000001100000000001111011000000000000000111100000000000000000000000000000
0000000000001000000000000001111001110000000000100000000011000000010000000000001000001100000000000001000010000000000000010001000000000000000100010000000000000001000100000000000000010001000000000000000100010000000000000001000100000000000000100000000000000000001000010000000000000010000100000000000001000000100000000001100000001100000001100000000000110101100000000000000111100000000000000000001000000000
0000000001011110000000000001100000010000000000100000000011000000110000000000001000001000000000000001000100000000000000010010000000000000000100100000000000000001001000000000000000010100000000000000000101000000000000000001010000000000000000100100000000000000010001000000000000000000010000000000000010000110000000000001100000010000000000100000000111000111100000000000111110000000000000000000001000000000
0000000000000000000000000001111111110000000001100000000110000000100000000000100000010000000000000100001000000000000001000110000000000000010001000000000000000000010000000000000001000110000000000000010000100000000000000100001000000000000000000010000000000000010000010000000000001000000100000000000010000000100000000001000000000100000001100000000011111111000000000000000111000000000000000000011000000000
0000000000000000000000000000011111110000000000011000000010000000001000000000010000000100000000000010000110000000000000100001000000000000001100100000000000000000001000000000000000010010000000000000000101000000000000000001010000000000000000010100000000000000000101100000000000000011001000000000000000100010000000000000010000110000000000011000000110000000011000000000011111110000000000000001111000000000
0000000001110000000000000001000011000000000001100000001000000000100000000001000000010000000000001000001000000000000010000010000000000000100001000000000000000100010000000000000001000100000000000000010001000000000000000100010000000000000001000100000000000000010001000000000000000100010000000000000011000010000000000000100000010000000000010000000110000000011000000000011110110000000000000011111000000000
0000000000000000000000000000011110111100000000011000000001000000001000000000001000000100000000000001000010000000000000010001000000000000000100010000000000000000000100000000000000010010000000000000000100100000000000000001001000000000000000010010000000000000001100010000000000000001000010000000000000010000110000000000001000000110000000000110000000110000001010000000100011101100000000000111111100000000
0000000000111100000000000001110000100000000001010000000100000000110000000000100000110000000000000100001000000000000000101100000000000000001010000000000000000010100000000000000000101000000000000000001010000000000000000010100000000000000000001000000000000000001010000000000000000110100000000000000001001000000000000000100011000000000000100000011100000001010000000000111111000000000000000001110000000000
0000000000000000000000000000001111000000000000011100001100000000011000000000100000011000000000000100000100000000000001000000000000000000000000100000000000000010010000000000000000100100000000000000001001000000000000000011010000000000000000010100000000000000001101100000000000000010001000000000000000100001000000000000010000011000000000010000000010000000011000000000011000111000000000000001111000000000
0000000001111110000000000001110000011000000000110000000011000000011000000000010000001000000000000010000100000000000000100010000000000000001000100000000000000001010000000000000000010100000000000000000101000000000000000001010000000000000000010100000000000000000100100000000000000001001100000000000000110001000000000000011000010000000000111000000011011101110000000000011100000000000000000000111000000000
0000000000000000000000000000000011000000000000001111101100000000011100000000100000001000000000001100000100000000000000100010000000000000001001100000000000000011010000000000000000010100000000000000000101000000000000000001010000000000000000010100000000000000001000100000000000000110001000000000000011000011000000000001100000011000000000100000000011000000110000000000011111110000000000000001111000000000
0000000001111111000000000001100000011000000001100000000011000000110000000000010000011000000000000010001100000000000000110010000000000000000101000000000000000001010000000000000000010100000000000000000101000000000000000001011000000000000000110010000000000000001000100000000000000010001100000000000001000001100000000000110000001100000000011000000001110000011100000000000111111000000000000000111000000000
0000000011111110000000000011100000010000000001100000000110000001100000000000110000100000000000000100010000000000000001000100000000000000011001000000000000000010010000000000000000100100000000000000001001000000000000000010010000000000000000100100000000000000010001100000000000000100001000000000000010000011000000000000100000011000000000010000000011000000011000000000001101111000000000000001111100000000
0000000000000000000000000000000111110000000000001101000110000000001100000000010000001100000000000100000100000000000000100001000000000000000100100000000000000001001000000000000000010010000000000000000100100000000000000001001000000000000000010010000000000000000100110000000000000010000100000000000000100000100000000000011000000100000000001100000000110000000110000000000011100011000000000001101111000000
0000000011111111100000000101000000001000000110000000000001000011000000000000001001000000000000000010010000000000000000010100000000000000000101000000000000000001010000000000000000010100000000000000000101000000000000000001001000000000000000100011000000000000001000000000000000000110000110000000000001000000110000000000100000000010000001110000000000111110100000000000000011110000000000000000000000000000
0000000000000000000000000001111111100000000001110000000100000000100000000000100000010000000000001000001000000000000001000100000000000000001001000000000000000010010000000000000000100100000000000000001001000000000000000010010000000000000000100100000000000000010000100000000000000100001000000000000010000011000000000001100000010000000000110000000011000000100000000000011011110000000000000001111000000000
0000000011011110000000000011000000011000000111000000000001000010000000000000010001000000000000000110100000000000000000101000000000000000001001000000000000000000010000000000000000100100000000000000001001000000000000000000001000000000000000100010000000000000001000010000000000000010000110000000000011000000010000000011000000000110000000100000000000111111100000000000000011110000000000000000000000000000
0000000000000000000000000000001111100000000000011100001110000000001100000000100000000100000000000100000010000000000001000001000000000000010000010000000000000010001000000000000000100010000000000000001000100000000000000010000100000000000000100001000000000000001000010000000000000010000010000000000001000000010000000000110000000011000000010000000000011010111000000000000011110000000000000000000000000000
0000000000000000000000000000010111100000000000011000000100000000001100000000100000001100000000001000000100000000000001000010000000000000011000100000000000000010010000000000000000000100000000000000001001000000000000000010010000000000000000100100000000000000001001000000000000000010011000000000000001100011000000000000100000010000000000010000000010000000111000000000011111110000000000000000111000000000
0000000111100110000000000010000000010000000001000000000011000000100000000000010000010000000000000010001000000000000000100010000000000000001001000000000000000001010000000000000000010100000000000000000101000000000000000001010000000000000000010100000000000000001001100000000000000010001000000000000001000001000000000000110000001000000000111000000001111111110000000000001111110000000000000000000000000000
0000000110011110000000000110000000110000000001000000000100000011000000000000100001000000000000001000110000000000000010001000000000000000010010000000000000000000100000000000000001001000000000000000010011000000000000000100010000000000000001000100000000000000010001000000000000000100001000000000000010000011000000000001100000010000000000100000000011000011110000000000001111000000000000000000011100000000
0000000000000000000000000000111110000000000000110000011000000000010000000001000000001000000000010000000010000000000010000001000000000000110000010000000000000100000100000000000001000010000000000000001000100000000000000010000100000000000000100001000000000000001000010000000000000110000010000000000001000000100000000000100000001100000000010000000000110000011000000000001111111000000000000000000000000000
0000000001101100000000000000100000100000000000010000000100000000001000000000100000000100000000001100000010000000000001000000100000000000001000001000000000000010000010000000000000100000100000000000001000001000000000000010000010000000000000100000100000000000010000001000000000000100000010000000000010000000010000000001000000000111000011100000000000111111000000000000000001110000000000000000000000000000
0000001100000011100000000010000000001100000011000000000001100000100000000000001000010000000000000011000100000000000000010010000000000000000100000000000000000001001000000000000000010010000000000000000100100000000000000001001000000000000000100001000000000000001000010000000000000100000110000000000011000000100000000001100000000100000001110000000000111111110000000000000111000000000000000000001000000000
0000000000000000000000000000000000000000000000011111111000000000011000000011000000001100000000001000000100000000000011000001000000000000010000100000000000000100001000000000000001000010000000000000001000100000000000000010001000000000000000100010000000000000000000010000000000000110000110000000000001000000110000000000010000000110000000001000000000110000001100000000000111111100000000000000110000000000
0000000000000000000000000000001111100000000000011100000100000000001000000000110000001100000000000110000010000000000000110001000000000000000100100000000000000001001000000000000000010010000000000000000100100000000000000001001000000000000000010010000000000000000100010000000000000001000010000000000000010000100000000000001100000100000000000110000000110000000011000000000111110011000000000000111111000000
0000000000000000000000000000111111000000000000011000001100000000001000000001100000000110000000001100000001000000000001100000100000000000001000001000000000000010000010000000000000010001000000000000000100010000000000000001000100000000000000010001100000000000001000001000000000000010000010000000000001000000100000000000110000000100000000011000000001100000011000000000001110111000000000000011111100000000
0000000000111100000000000000110001100000000000110000000100000000110000000001100000001000000000001100000100000000000001000010000000000000001001100000000000000010010000000000000000100100000000000000001001000000000000000010010000000000000000100100000000000000001001100000000000000100001000000000000001000001000000000000110000001000000000011000000001100001011100000000001111110000000000000000111000000000
0000000000000000000000000000000000000000000000000011111000000000000011000011000000000001000000011000000000100000000011000000010000000000010000000100000000000100000001000000000001000000100000000000000000001000000000000010000010000000000000100000100000000000001000001000000000000010000010000000000000100000100000000000010000000100000000001100000001100000000110000000000100000011000000000001111111000000
0000000000000000000000000000011111110000000000011000000110000000011000000000010000000100000000000100000010000000000000100001000000000000001000010000000000000010001000000000000000100010000000000000001000100000000000000010001000000000000000100010000000000000001000010000000000000100000100000000000011000001100000000000100000001100000000010000000001100000001000000000000110001100000000000001111100000000
0000000001111111000000000000100000011000000000110000000010000000001000000000010000001100000000000110000010000000000000100001000000000000001000010000000000000010001000000000000000010110000000000000000101000000000000000001010000000000000000010100000000000000000100100000000000000010001000000000000000100011000000000000011000011000000000001000000011000000001100000000011110001110000000000000111110000000