0000000011100000000000000111000110000000000001000000110000000000010000000110000000000100000000100000000001000000001000000000010000000110000000000100000001000000000001000000010000000000010000011000000000000111111100000000000001000000000000000000010000000000000000000100000000000000000001000000000000000000010000000000000000000100000000000000000001000000000000000000000000000000000000000000000000000000
0000001111111100000000000110000000100000000000100000001000000000001000000001000000000010000000010000000000100000000100000000001000000010000000000010000000100000000000100000011000000000001000001100000000000010001010000000000000111100000000000000001000000000000000000010000000000000000000100000000000000000001000000000000000000010000000000000000001000000000000000000010000000000000000000000000000000000
0000000011111000000000000011100001100000000000100000001000000000001000000010000000000010000000010000000000100000000100000000001000000001000000000010000000100000000000000000011000000000001000001100000000000011110100000000000000100000000000000000001000000000000000000010000000000000000000100000000000000000010000000000000000000100000000000000000001000000000000000000000000000000000000000000000000000000
0000001111111000000000000110000001100000000000100000001100000000001000000001000000000010000000010000000000100000000100000000001000000011000000000010000000100000000001000000001000000000010000000110000000000100000011000000000001001111000000000000011000000000000000000100000000000000000001000000000000000000010000000000000000000100000000000000000001000000000000000000000000000000000000000000000000000000
0000000111111000000000000011000011100000000000100000001100000000001000000001000000000010000000010000000000100000000100000000001000000001000000000010000000100000000000100000011000000000001000000100000000000011111110000000000000100000000000000000001000000000000000000010000000000000000000100000000000000000001000000000000000000110000000000000000001000000000000000000000000000000000000000000000000000000
0000000001111000000000000111110011100000000000100000001000000000001000000011000000000010000000010000000000100000000100000000001000000001000000000010000000110000000000100000001000000000001000000110000000000010001110000000000000111100000000000000001000000000000000000010000000000000000000100000000000000000001000000000000000000010000000000000000001100000000000000000010000000000000000000000000000000000
0000000001111100000000000011100000100000000000100000001100000000001000000001000000000010000000010000000000100000001000000000001000000010000000000010000001000000000000111000110000000000001001110000000000000010000000000000000000100000000000000000001000000000000000000010000000000000000000100000000000000000001000000000000000000010000000000000000000100000000000000000000000000000000000000000000000000000
0000000000000000000000000011111111100000000000100000000100000000001000000001000000000010000000001000000000100000000010000000001000000001000000000010000000100000000000100000011000000000001000001100000000000010011100000000000000111000000000000000001000000000000000000010000000000000000000100000000000000000001000000000000000000010000000000000000001000000000000000000010000000000000000000000000000000000
0000000000000000000000000000111111000000000000110000001000000000001000000010000000000010000000110000000000100000000100000000001000000001000000000010000000110000000000100000001000000000001000000010000000000010000011000000000000111011000000000000001000000000000000000010000000000000000000100000000000000000001000000000000000000010000000000000000000100000000000000000001000000000000000000000000000000000
0000000000000000000000000011111110000000000000110000110000000000001000000110000000000010000000100000000000100000001000000000001000000010000000000010000000100000000000100000010000000000001000001100000000000010000110000000000000111110000000000000001000000000000000000010000000000000000000100000000000000000001000000000000000000010000000000000000000100000000000000000000000000000000000000000000000000000
0000000000000000000000000011111100000000000000100000110000000000001000000100000000000010000001100000000000100000001000000000001000000010000000000010000000100000000000100000010000000000001000011000000000000011111100000000000000100000000000000000001000000000000000000010000000000000000000100000000000000000001000000000000000000010000000000000000000100000000000000000001000000000000000000000000000000000
0000001111110000000000000100000011000000000001000000010000000000010000000100000000000100000001000000000001000000010000000000010000000100000000000100000001000000000001000000100000000000010000011000000000000100111100000000000001111000000000000000010000000000000000000100000000000000000001000000000000000000010000000000000000000100000000000000000001000000000000000000000000000000000000000000000000000000
0000001111110000000000000110000011000000000001000000010000000000010000000010000000000100000000100000000001000000001000000000010000000100000000000100000011000000000001000001100000000000010001110000000000000111100000000000000001000000000000000000010000000000000000000010000000000000000000100000000000000000001000000000000000000110000000000000000001000000000000000000010000000000000000000000000000000000
0000001111110000000000000110000111000000000011000000010000000000110000000010000000000100000000100000000001000000001000000000010000000010000000001000000000100000000010000000010000000000100000001100000000001000000110000000000011111110000000000000100000000000000000001000000000000000000010000000000000000000100000000000000000001000000000000000000010000000000000000000100000000000000000001000000000000000
0000000000000000000000001111111100000000000110000001100000000000100000001000000000001000000010000000000010000000100000000000100000001000000000001000000110000000000010000001000000000000100001100000000000001111110000000000000011000000000000000000100000000000000000001000000000000000000010000000000000000000100000000000000000001000000000000000000010000000000000000000100000000000000000000000000000000000
0000000111111100000000000011000001000000000000100000001000000000001000000010000000000010000000100000000000100000001000000000001000000010000000000000000001100000000000100000010000000000001000001000000000000010001110000000000001111110000000000000001000000000000000000010000000000000000000100000000000000000001000000000000000000010000000000000000000100000000000000000011000000000000000000000000000000000
0000000000000000000000000011111110000000000001100000100000000000010000000100000000000100000000000000000001000000010000000000010000000100000000000100000001000000000001000000010000000000010000001000000000000100000110000000000001011110000000000000001000000000000000000100000000000000000001000000000000000000010000000000000000000100000000000000000001000000000000000000010000000000000000000000000000000000
0000000111000000000000000010001100000000000001000001100000000000010000001000000000000100000010000000000001000000010000000000000000000100000000000100000011000000000001000000100000000000010000011000000000000100001100000000000001111100000000000000010000000000000000000100000000000000000001000000000000000000010000000000000000000100000000000000000001000000000000000000010000000000000000000000000000000000
0000000000000000000000000001111110000000000001100000100000000000010000000100000000000100000001000000000001000000010000000000010000000100000000000100000001000000000001000000100000000000010000011000000000000100011000000000000001111000000000000000000000000000000000000100000000000000000001000000000000000000010000000000000000000100000000000000000001000000000000000000010000000000000000000100000000000000
0000000111111000000000000110000001100000000001000000001000000000001000000010000000000010000000100000000000100000001000000000001000000010000000000010000000100000000000100000001000000000000000000100000000000010000110000000000000111111000000000000001000000000000000000010000000000000000000100000000000000000001000000000000000000010000000000000000000100000000000000000001000000000000000000000000000000000
0000001111111100000000000100000001100000000001000000001000000000010000000010000000000010000000100000000000100000001000000000001000000010000000000010000001000000000000100000110000000000010000110000000000000111110000000000000000100000000000000000001000000000000000000010000000000000000000100000000000000000010000000000000000000100000000000000000001000000000000000000010000000000000000000000000000000000
0000001111110000000000000110000011000000000001000000001000000000010000000010000000000100000000100000000001000000001000000000010000000010000000000100000000100000000001000000010000000000010000000100000000000110000110000000000001111110000000000000010000000000000000000100000000000000000001000000000000000000010000000000000000000100000000000000000011000000000000000000000000000000000000000000000000000000
0000000111110000000000000111000001100000000001100000001000000000011000000010000000000010000000010000000000100000000100000000001000000010000000000010000001100000000000100000010000000000001111111000000000000011000000000000000000100000000000000000001000000000000000000100000000000000000001000000000000000000010000000000000000000100000000000000000001000000000000000000010000000000000000000000000000000000
0000011111111000000000000100000010000000000001000000010000000000010000000100000000000100000001000000000001000000110000000000010000001000000000000100000100000000000001111110000000000000010000000000000000000100000000000000000001000000000000000000010000000000000000000100000000000000000010000000000000000000100000000000000000001000000000000000000010000000000000000000100000000000000000000000000000000000
0000000001011110000000000001100000010000000001000000000010000000011000000000100000000010000000001000000000100000000100000000010000000001000000000100000000100000000001000000001000000000010000000100000000000111111100000000000000000000000000000000010000000000000000000100000000000000000001000000000000000000010000000000000000000100000000000000000001000000000000000000010000000000000000000000000000000000
0000000111111110000000000011000000110000000000100000000100000000001000000000100000000010000000001000000000100000000010000000001000000001000000000000000000110000000000100000001000000000001000000100000000000010000010000000000000111110000000000000001000000000000000000100000000000000000001000000000000000000010000000000000000000100000000000000000001000000000000000000010000000000000000000000000000000000
0000000111111100000000000110000000100000000001000000001000000000010000000001000000000100000000010000000001000000001000000000010000000010000000000000000001000000000001000000100000000000010000010000000000001111111000000000000001000000000000000000010000000000000000001000000000000000000010000000000000000000100000000000000000001000000000000000000010000000000000000000000000000000000000000000000000000000
0000001111111100000000000110000000100000000001000000001100000000010000000001000000000100000000010000000001000000000100000000010000000010000000000100000000100000000001000000010000000000011000111000000000000101100000000000000001000000000000000000010000000000000000000100000000000000000001000000000000000000010000000000000000001000000000000000000011000000000000000000000000000000000000000000000000000000
0000000011110000000000000111000001100000000000100000001000000000010000000001000000000100000000010000000001000000001000000000010000000010000000000100000001100000000001000000010000000000000000001000000000000100001100000000000001111100000000000000010000000000000000000100000000000000000001000000000000000000100000000000000000001000000000000000000010000000000000000000100000000000000000001000000000000000
0000000001111000000000000111100001000000000000100000001000000000001000000010000000000010000000100000000000100000001000000000001000000010000000000000000001100000000000100000010000000000001000001100000000000010001100000000000000111100000000000000001000000000000000000100000000000000000001000000000000000000010000000000000000000100000000000000000011000000000000000000100000000000000000000000000000000000
0000010001111100000000000111100001100000000001100000001000000000001000000001000000000010000000010000000000100000000100000000001000000010000000000010000001000000000000000000100000000000001111110000000000000010000000000000000000100000000000000000001000000000000000000010000000000000000000000000000000000000010000000000000000000100000000000000000001000000000000000000010000100000000000000000000000000000
0000010111111000000000000110000011000000000001000000010000000000010000000010000000000100000000100000000001000000001000000000010000000110000000000100000001000000000001000000100000000000010000110000000000000111111000000000000001000000000000000000010000000000000000000100000000000000000001000000000000000000010000000000000000001000000000000000000010000000000000000000000000000000000000000000000000000000
0000000111101100000000000011000001000000000001100000000000000000010000000010000000000100000000100000000001000000001000000000010000000010000000000100000001100000000001000000010000000000010000011000000000000111111000000000000001000000000000000000010000000000000000000100000000000000000001000000000000000000010000000000000000001000000000000000000010000000000000000000100000000000000000000000000000000000
0000000000000000000000000100011110000000000001010000010000000000011000000100000000000110000000100000000001000000001000000000000000000010000000000100000001000000000001000000010000000000010000011000000000000100111100000000000001111000000000000000010000000000000000000100000000000000000001000000000000000000010000000000000000000000000000000000000011000000000000000000100000000000000000001000000000000000
0000000000111100000000000010110000100000000000110000000100000000001000000000100000000010000000001000000000100000000010000000001000000000100000000010000000011000000000000000001000000000001000011100000000000011111000000000000000100000000000000000001000000000000000000010000000000000000000100000000000000000011000000000000000000100000000000000000001000000000000000000010000000000000000000100000000000000
0000000011111000000000000011000000110000000000100000000100000000001000000000100000000010000000001000000000100000000010000000001000000001100000000010000000110000000000100000001000000000000000000100000000000010000100000000000000111110000000000000001000000000000000000010000000000000000000100000000000000000001000000000000000000100000000000000000001000000000000000000010000000000000000000000000000000000
0000000000110000000000000001110011000000000001110000001000000000011000000001000000000100000000010000000001000000000100000000010000000001000000000100000000010000000001000000001000000000010000000100000000000100000110000000000011111111000000000000010000000000000000001000000000000000000010000000000000000000100000000000000000001000000000000000000010000000000000000001100000000000000000010000000000000000
0000000011011110000000000111000000010000000001000000000010000000010000000000100000000100000000001000000001000000000000000000010000000001100000000100000000010000000001000000001100000000010000000100000000000111111110000000000001000000000000000000010000000000000000000100000000000000000001000000000000000000010000000000000000001100000000000000000010000000000000000000000000000000000000000000000000000000
0000000000000000000000000000111110000000000001010000010000000000011000000010000000000100000000010000000001000000000100000000010000000001000000000000000000010000000001000000000100000000000000000010000000000100000001000000000001110111100000000000010000000000000000000000000000000000000001000000000000000000100000000000000000001000000000000000000010000000000000000000100000000000000000001000000000000000
0000000000000000000000000111111111000000000001100000010000000000010000000010000000000000000000100000000001000000001000000000010000000010000000000100000000100000000001000000001000000000010000000100000000000100000010000000000001110111000000000000010011000000000000000100000000000000000000000000000000000000110000000000000000001000000000000000000010000000000000000001100000000000000000000000000000000000
0000000011101000000000000111000011100000000001100000001000000000001000000001000000000010000000010000000000100000000100000000001000000001000000000010000000010000000000100000001000000000011000000010000000000100000001000000000001001101100000000000011100000000000000000100000000000000000001000000000000000000010000000000000000000100000000000000000011000000000000000000100000000000000000000000000000000000
0000000011100000000000000001100111000000000001100000001000000000011000000011000000000110000000010000000001000000000110000000010000000000100000000110000000010000000001000000000100000000010000000010000000000100000000100000000001110001110000000000010010110000000000000100000000000000000001000000000000000000010000000000000000001000000000000000000010000000000000000001100000000000000000000000000000000000
0000000011111000000000000011100001000000000001100000010000000000010000000010000000001100000000000000000001000000001000000000010000000010000000000100000000100000000001000000010000000000000000001000000000000110000010000000000001111111000000000000010000000000000000000000000000000000000001000000000000000000000000000000000000001000000000000000000010000000000000000000100000000000000000001000000000000000
0000000000000000000000000001101110000000000001100000110000000000010000000100000000000100000001000000000001000000000000000000010000000100000000000100000001000000000001000000100000000000010000011000000000001111111000000000000000000000000000000000010000000000000000000100000000000000000010000000000000000000100000000000000000001000000000000000000010000000000000000000100000000000000000000000000000000000
0000001111010000000000000100000010000000000001000000010000000000010000000010000000000100000000100000000001000000001000000000010000000010000000000100000000100000000001000000001000000000010000000010000000001100000011000000000001110111000000000000010010000000000000000100000000000000000011000000000000000000010000000000000000001100000000000000000010000000000000000000100000000000000000001000000000000000
0000000111000000000000010110001100000000000111000000100000000001100000001100000000010000000001000000000010000000001000000000100000000010000000000000000000100000000010000000010000000000100000000100000000001000000010000000000011000011000000000000111111000000000000000000000000000000000010000000000000000000100000000000000000001000000000000000000010000000000000000000100000000000000000000000000000000000
0000000000000000000000000001100000000000000000100100000000000000110000100000000000001000000100000000000010000001000000000000100000010000000000000000000100000000000010000001000000000000100000100000000000000100001000000000000001111000000000000000010000000000000000000100000000000000000001000000000000000000010000000000000000000100000000000000000000000000000000000000010000000000000000000100000000000000
0000000000000000000000000011110000000000000001100010000000000000010000010000000000000100000100000000000000000001000000000000010000000000000000000100000100000000000001000010000000000000001001100000000000000111100000000000000001000000000000000000000000000000000000000100000000000000000001000000000000000000010000000000000000000100000000000000000001000000000000000000010000000000000000000000000000000000
0000000011111000000000000011100010000000000000110000010000000000001000000100000000000010000001000000000000100000010000000000001000000100000000000010000001000000000000100000100000000000001100010000000000000011111000000000000000100000000000000000001000000000000000000010000000000000000000100000000000000000001000000000000000000010000000000000000000100000000000000000010000000000000000000000000000000000
0000000011000000000000000001001100000000000001100000100000000000010000000100000000000100000000100000000001000000001000000000010000000010000000000100000000100000000000100000010000000000001100001000000000000011111100000000000000100000000000000000001000000000000000000010000000000000000000100000000000000000001000000000000000000010000000000000000000100000000000000000001000000000000000000000000000000000
0000000000000000000000000000111100000000000000010000100000000000001000000100000000000010000001000000000000100000010000000000001000000100000000000010000010000000000000100000100000000000001000001000000000000011000110000000000000101110000000000000001000000000000000000010000000000000000000100000000000000000001000000000000000000100000000000000000001000000000000000000010000000000000000000100000000000000
0000000001111000000000000011100001110000000000100000000100000000001000000000100000000010000000001000000000100000000110000000001000000001000000000010000000100000000000100000001000000000001000011100000000000011011100000000000000101000000000000000010000000000000000000100000000000000000001000000000000000000010000000000000000000100000000000000000001000000000000000000010000000000000000000000000000000000
0000000000000000000000000001110110000000000001100000010000000000010000000100000000000100000000100000000001000000001000000000010000000010000000000100000000100000000001000000001000000000010000000100000000000100000001000000000001000001100000000000011110100000000000000100000000000000000001000000000000000000010000000000000000000100000000000000000001000000000000000000010000000000000000000000000000000000
0000000000000000000000000001110111000000000001100000001000000000010000000010000000000100000000010000000001000000000100000000010000000001000000000100000000010000000001000000001100000000010000000010000000000100000011100000000001111101000000000000010000000000000000000100000000000000000001000000000000000000010000000000000000000100000000000000000001000000000000000000010000000000000000000000000000000000
0000000111100000000000000110000110000000000001000000010000000000001000000010000000000010000000100000000000100000001000000000001000000010000000000010000000100000000000100000001000000000001000000100000000000010000010000000000000111111000000000000001010000000000000000010000000000000000000100000000000000000001000000000000000000010000000000000000000100000000000000000001000000000000000000000000000000000
0000000001110000000000000011100010000000000001000000100000000000010000000100000000000100000001000000000001000000010000000000010000000000000000000100000001000000000001000000010000000000010000001000000000000111000110000000000001001110000000000000010000000000000000000100000000000000000001000000000000000000010000000000000000000100000000000000000001000000000000000000000000000000000000000000000000000000
0000001111000000000000000110001110000000000001000000100000000000010000000100000000000100000000100000000001000000001000000000010000000010000000000100000001000000000001000000010000000000010000000100000000000100000001000000000001000001100000000000011111100000000000000100000000000000000001000000000000000000010000000000000000000100000000000000000001000000000000000000010000000000000000000000000000000000
0000000000000000000000000111111111000000000001000000001000000000010000000001000000000100000000010000000001000000000100000000010000000001000000000100000000010000000001000000001000000000010000000110000000000100000110000000000001111010000000000000010000000000000000000100000000000000000001000000000000000000010000000000000000000100000000000000000001000000000000000000010000000000000000000100000000000000
0000000111110000000000000010000011000000000000100000001000000000001000000010000000000010000000000000000000100000001000000000001000000010000000000010000001000000000000111101100000000000001001100000000000000010000000000000000000100000000000000000001000000000000000000010000000000000000000100000000000000000001000000000000000000010000000000000000001000000000000000000000000000000000000000000000000000000
0000000011111000000000000111000011000000000001100000001000000000001000000001000000000010000000010000000000100000000100000000001000000001000000000010000000010000000000100000001100000000001000000010000000000010000001000000000000101111100000000000001100000000000000000010000000000000000000100000000000000000001000000000000000000010000000000000000001100000000000000000010000000000000000000000000000000000
0000001111111110000000000100000001100000000001000000000100000000010000000001000000000100000000010000000001000000000100000000010000000010000000000100000001000000000000110011100000000000001001110000000000000011100000000000000000100000000000000000001000000000000000000010000000000000000001000000000000000000010000000000000000000100000000000000000001000000000000000000110000000000000000000000000000000000
0000000000000000000000001011110000000000000011100011000000000000010000001000000000000100000010000000000001000000100000000000010000001000000000000100000000000000000001000000100000000000010000001000000000000100000100000000000001111110000000000000010000000000000000000100000000000000000001000000000000000000010000000000000000000100000000000000000011000000000000000000100000000000000000000000000000000000
0000000010000000000000001111011100000000000011000001100000000000110000000100000000000100000001000000000001000000011000000000010000000010000000000100000001000000000001000000010000000000010000011000000000000011111000000000000000100000000000000000001000000000000000000010000000000000000000100000000000000000010000000000000000000100000000000000000001000000000000000000010000000000000000000000000000000000
0000000000000000000000000011000000000000000001101111000000000000010000010000000000000100000010000000000001000000100000000000010000001000000000000100000010000000000001000000100000000000010000011000000000000100001100000000000001111100000000000000010000000000000000000100000000000000000001000000000000000000010000000000000000001000000000000000000010000000000000000000100000000000000000000000000000000000
0000010000000000000000000011111110000000000000100000010000000000001000000100000000000010000000100000000000100000001000000000001000000010000000000010000000100000000000100000001000000000001000000010000000000010000001000000000000111011100000000000010000000000000000000100000000000000000001000000000000000000010000000000000000000100000000000000000001000000000000000000110000000000000000000000000000000000
0000000000000000000000000001111111000000000000110000011000000000001000000010000000000010000000100000000000100000001000000000001000000010000000000010000000000000000000100000001000000000001000000010000000000010000001100000000000110001110000000000001011100000000000000010000000000000000000100000000000000000001000000000000000000010000000000000000001100000000000000000010000000000000000000000000000000000
0000000000000000000000000010001111000000000000011100001100000000000110000001000000000001100000001000000000000000000010000000000010000000100000000000100000001000000000001100000010000000000001000000100000000000010000010000000000001100011000000000000001111000000000000000100000000000000000001000000000000000000010000000000000000001100000000000000000010000000000000000001000000000000000000010000000000000
0000000000000000000000001000010000000000000010111001110000000000111000000100000000000100000000100000000000000000001000000000010000000010000000000100000000100000000001000000001000000000000000000100000000000110000010000000000000111110000000000000010000000000000000000100000000000000000001000000000000000000010000000000000000000100000000000000000001000000000000000000100000000000000000001000000000000000
0000000000000000000000000101110000000000000001110111000000000000011000001000000000000110000001000000000001000000010000000000010000000100000000000100000001000000000001000000010000000000010000000100000000000100000010000000000001000011000000000000010111100000000000000100000000000000000001000000000000000000010000000000000000000100000000000000000001000000000000000000010000000000000000000100000000000000
0000000000000000000000000011111110000000000001100000010000000000010000000010000000000100000000100000000001000000001000000000010000000010000000000100000000100000000001000000001000000000010000000100000000000100000010000000000001111111000000000000010000000000000000000100000000000000000001000000000000000000010000000000000000000100000000000000000001000000000000000000010000000000000000000100000000000000
0000000000000000000000000111111100000000000001000001100000000000010000001000000000000100000010000000000001000000100000000000010000001000000000000100000010000000000001000000100000000000010000001000000000000100000110000000000011000111000000000000011110000000000000000100000000000000000001000000000000000000010000000000000000000100000000000000000001000000000000000000010000000000000000000100000000000000
0000000001100000000000000101111111000000000001110000001100000000011000000001000000000100000000001000000001000000000010000000010000000000100000000100000000001000000001000000000010000000010000000001000000000100000000100000000001010111110000000000011100000000000000000100000000000000000001000000000000000000010000000000000000000100000000000000000001000000000000000000010000000000000000000000000000000000
0000000111110000000000000110000111100000000001000000001000000000010000000001000000000100000000010000000001000000000100000000010000000001000000000100000000100000000001000000001000000000010000000110000000000100000001000000000001000011100000000000011111000000000000000100000000000000000001000000000000000000010000000000000000000100000000000000000001000000000000000000010000000000000000000000000000000000
0000001111100000000000000110000111000000000001000000011000000000010000000010000000000100000000010000000001000000000100000000010000000001000000000100000000110000000001000000001000000000010000000110000000000100000111000000000001011111000000000000111000000000000000000100000000000000000001000000000000000000010000000000000000001100000000000000000011000000000000000000000000000000000000000000000000000000
0000000000000000000000000011111100000000000000100000100000000000001000001000000000000010000010000000000000100000100000000000001000001000000000000010000110000000000000100011000000000000001111100000000000000011000000000000000000100000000000000000001000000000000000000010000000000000000000100000000000000000001000000000000000000010000000000000000001100000000000000000000000000000000000000000000000000000
0000000000000000000000000011111100000000000001100000110000000000011000000100000000000100000000100000000001000000001000000000010000000010000000000010000000100000000000100000010000000000001000001000000000000010000110000000000000111110000000000000001000000000000000000010000000000000000000100000000000000000001000000000000000000110000000000000000001000000000000000000010000000000000000000000000000000000
0000010111100000000000000110000110000000000001000000110000000000010000000100000000000100000000100000000001000000001000000000010000000010000000000100000001000000000000000000010000000000010000001100000000000100000100000000000001111110000000000000010000000000000000000100000000000000000001000000000000000000010000000000000000000100000000000000000001000000000000000000010000000000000000000000000000000000
0000000111100000000000000110001100000000000001100000100000000000010000001000000000000100000001000000000001000000010000000000010000001000000000000100000010000000000001000000100000000000010000011000000000000100001100000000000001111100000000000000010000000000000000000100000000000000000001000000000000000000010000000000000000000100000000000000000001000000000000000000010000000000000000000000000000000000
0000001101110000000000000000000110000000000011000000100000000000100000000100000000001000000001000000000010000000010000000000100000000100000000001000000001000000000010000000010000000000010000011000000000000100111000000000000001110000000000000000010000000000000000000100000000000000000001000000000000000000100000000000000000001000000000000000000010000000000000000000100000000000000000000000000000000000
0000000000000000000000000111111100000000000011000000100000000000100000001000000000001000000001000000000010000000010000000000100000000100000000000100000001000000000001000000010000000000010000001100000000000100000010000000000001001111000000000000011100000000000000000100000000000000000000000000000000000000100000000000000000001000000000000000000010000000000000000000100000000000000000000000000000000000
0000000111100000000000000010000010000000000010100000010000000000110000000100000000001000000000100000000010000000001000000000100000000010000000001000000000100000000010000000001000000000100000000100000000001000000011000000000011111011000000000000100000000000000000001000000000000000000010000000000000000000100000000000000000001000000000000000000010000000000000000000100000000000000000001000000000000000
0000000011100000000000000011000100000000000001000001000000000000010000001000000000000100000001000000000001000000010000000000010000000100000000000100000001000000000001000000110000000000010000011000000000000110011000000000000001111000000000000000010000000000000000000100000000000000000001000000000000000000010000000000000000001000000000000000000010000000000000000000000000000000000000000000000000000000
0000000110100000000000000011000111000000000001100000010000000000011000000010000000000110000000100000000001000000001000000000010000000001000000000100000000100000000001000000001000000000010000000110000000000111000110000000000001001110000000000000010000000000000000000100000000000000000001000000000000000000010000000000000000001000000000000000000010000000000000000000000000000000000000000000000000000000
0000000000000000000000000001111100000000000001100001100000000000011000000000000000000000000010000000000001000000010000000000010000000100000000000100000000000000000000100000100000000000000000010000000000000110001100000000000000111100000000000000001000000000000000000100000000000000000000000000000000000000010000000000000000000100000000000000000001000000000000000000010000000000000000000000000000000000
0000000000000000000000000111111100000000000001100001100000000000010000000100000000000100000000100000000001000000001000000000010000000010000000000010000000100000000000100000010000000000001000001100000000000011111110000000000000100000000000000000001000000000000000000010000000000000000000100000000000000000010000000000000000000100000000000000000001000000000000000000000000000000000000000000000000000000
0000000000000000000000000001111000000000000011110001100000000000010000000100000000000100000001100000000001000000001000000000010000000010000000000100000000100000000001000000010000000000010000001100000000000110000100000000000001111111000000000000010000000000000000000100000000000000000001000000000000000000010000000000000000000100000000000000000001000000000000000000010000000000000000000000000000000000
0000000000000000000000000101111000000000000001110011100000000000011000001100000000000010000001000000000000100000010000000000001000000100000000000010000001000000000000100000010000000000001000001000000000000011011100000000000000101000000000000000001000000000000000000010000000000000000000100000000000000000000000000000000000000100000000000000000001000000000000000000000000000000000000000000000000000000
0000000000000000000000001001110000000000000010100011100000000000110000000100000000001000000001000000000010000000010000000000100000000100000000001000000010000000000000000001000000000000100000110000000000001111110000000000000010000000000000000000100000000000000000001000000000000000000010000000000000000000100000000000000000001000000000000000000000000000000000000000000000000000000000000000000000000000
0000000000000000000000000000110000000000000001110011000000000000010000001000000000000100000001000000000001000000010000000000010000000100000000000100000001000000000001000000010000000000010000000100000000000100000010000000000001000011000000000000011111000000000000000100000000000000000001000000000000000000010000000000000000000100000000000000000001000000000000000000000000000000000000000000000000000000
0000001100000000000000000110111100000000000001000000100000000000010000001000000000000100000001000000000001000000010000000000010000000100000000000100000001000000000001000000100000000000010000001000000000000110001100000000000001011100000000000000010000000000000000000100000000000000000001000000000000000000010000000000000000001000000000000000000000000000000000000000000000000000000000000000000000000000
0000000000000000000000000001111100000000000000110000100000000000001000001100000000000010000001000000000000100000001000000000001000000010000000000010000000100000000000100000001000000000001000000010000000000010000001000000000000100000010000000000001000111000000000000011110000000000000000100000000000000000010000000000000000000100000000000000000001000000000000000000010000000000000000000000000000000000
0000000011100000000000000111000100000000000000100000100000000000001000001100000000000010000001000000000000100000010000000000001000000100000000000100000001000000000001000000010000000000010000001000000000000110000110000000000001111110000000000000010000000000000000000100000000000000000001000000000000000000010000000000000000000100000000000000000001000000000000000000000000000000000000000000000000000000
0000000000000000000000000011111000000000000000000001100000000000001000001100000000000010000001000000000000100000010000000000001000000100000000000010000001000000000000100000010000000000001000001000000000000010011100000000000000111000000000000000001000000000000000000010000000000000000000100000000000000000001000000000000000000010000000000000000000100000000000000000000000000000000000000000000000000000
0000000000000000000000000011111000000000000000100001100000000000001000001000000000000010000001000000000000100000010000000000001000000100000000000010000001000000000000100000010000000000001000001100000000000010000010000000000000111111000000000000001000000000000000000010000000000000000000100000000000000000001000000000000000000110000000000000000001100000000000000000000000000000000000000000000000000000
0000000011000000000000000011001110000000000000100000110000000000001000000010000000000010000000100000000000100000001000000000001000000010000000000010000001100000000000100000010000000000001000001000000000000010000100000000000000111110000000000000001000000000000000000000000000000000000000100000000000000000001000000000000000000010000000000000000000100000000000000000000000000000000000000000000000000000
0000000011100000000000000011000011000000000000100000001000000000001000000011000000000010000000010000000000100000000100000000001000000001000000000010000000100000000000100000001000000000001000000100000000000010001110000000000000111100000000000000001000000000000000000010000000000000000000100000000000000000001000000000000000000010000000000000000000100000000000000000001000000000000000000000000000000000
0000000110100000000000000011001110000000000000100000010000000000001000000110000000000010000000100000000000100000001000000000001000000010000000000010000000100000000000100000001000000000001000000100000000000010001110000000000000111110000000000000001000000000000000000010000000000000000000100000000000000000001000000000000000000010000000000000000000100000000000000000001000000000000000000000000000000000
0000000001101100000000000001100000110000000000100000000110000000001000000000100000000010000000001000000000100000000010000000001000000000100000000011000000001000000000100000000100000000001100000010000000000011000000100000000000110000110000000000000111110000000000000001000000000000000000010000000000000000000100000000000000000001000000000000000000100000000000000000001000000000000000000000000000000000
0000000011101110000000000011000000010000000001100000000110000000010000000000100000000100000000001000000001000000000010000000010000000000100000000100000000001000000001000000000110000000010000000010000000000100000010100000000001111111000000000000010000000000000000000100000000000000000001000000000000000000010000000000000000000100000000000000000001000000000000000000010000000000000000000000000000000000
0000000000000000000000000001111110000000000000110000110000000000001000000100000000000010000000100000000000100000001000000000001000000010000000000010000001000000000000100000010000000000001000000100000000000010000010000000000000100001100000000000011000110000000000000011100000000000000000100000000000000000001000000000000000000010000000000000000000100000000000000000001000000000000000000000000000000000