0000000000000000000000000000000000000000000000011101110000000000001100000110000000000100000000110000000010000000000100000001000000000001100000010000000000001000001000000000000010000010000000000000100000100000000000001000001000000000000011000001000000000000010000010000000000000100000010000001100010000000010000001100100000000110000001110000000000111111111000000000000011101011000000000000000000010000
0000001111110000000000000100000011000000000010000000001100000001000000000001100000010000000000001000001000000000000001000100000000000000001001000000000000000010010000000000000000100100000000000000001001000000000000000010001000000000000000100010000000000000001000100000001000000010000100000001000001000000100000001000110000001100010001010000000000111100011000000000000111011001000000000000000000010000
0000000000000000000000000000011110000000000000111000100000000000110000000110000000010000000000110000001000000000000100000010000000000001000000100000000000001000010000000000000010000000000000000000100001000000000000001000010000000000000010000110000000100000100000000000001100010000001000000000100100000001000000000110000000001000000001100000000001111111101000000000000000000011000000000000000000000000
0000001111111000000000001100000001000000000100000000001000000011000000000001000001000000000000010000010000000000000010001100000000000000100010000000000000001000100000000000000010001000000000000000100010000000000000001000100000000000000010001000000001000000100001000000001000010000010000000010001000000110000000010100000000110001000110000000000011111100010000000000000000000110000000000000000000100000
0000000111000000000000000010001011000000000001000000001100000001000000000001000001100000000000001000010000000000000010001000000000000000010010000000000000000100100000000000000001001000000000000000001010000000000000000010010000000000000001100100000000000000000000100000001000000100001000000011000001000001000000010001100000011000000011100000000001100111111000000000000110000001000000000000000000010000
0000001111111000000000000100000001100000000010000000001000000001000000000010000000100000000000010000010000000000000100001000000000000001000010000000000000001000100000000000000010001000000000000000100010000000000000001000100000000100000010000100000001100001100000100000000100010000001000000000100100000001000000000110000000001100000001100000000000111111100110000000000000000001100000000000000000000000
0000000000010000000000000000111011000000000001100000011000000000100000000001000000010000000000001000000100000000000010000010000000000000010000100000000000000100011000000000000001000100000000000000010001000000000000000100011000000000000001000010000000000000010000100000000010001000001000000000100010000001000000000111000000011000000001100000000011100111100100000000001111100001100000000000000000000000
0000000000000000000000000000011010000000000000111000110000000000010000000010000000001000000000110000000110000000000110000001000000000000100000100000000000000100011000000000000001000100000000000000010001100000000000000100001000000000000001000010000000000000010000010000000010001000000100000000110010000000100000000111000000000100001001110000000000111111101100000000000000000001100000000000000000000000
0000000000000000000000000011111110000000000001000000011000000000110000000010000000011000000000011000001100000000000010000010000000000000100000100000000000001000001000000000000001000100000000000000010001000000000000000100001000000000000001000010000000000000010000100000000000000100000100000000110010000001000000000111000000001000000111111000000001111111000010000000000000000000110000000000000000000000
0000000000000000000000000000011010000000000000001000110000000000001100000010000000001100000000010000000010000000000010000001000000000000100000010000000000000100001000000000000001000010000000000000010000100000000000000100001000000000000001000010000000000000010000010000000000001000000100000000100010000000100000000111000000001100000000111000000000110111110011000000000111111000011000000000000000000000
0000000000000000000000000000000000000000000000011111111000000000011000000001000000000100000000001100000100000000000001000010000000000000010000100000000000000010010000000000000000100100000000000000001001000000000000000010001000000000000000100010000000000000001000010000000010000100000010000000110001000000100000000100100000000100000000111000000000111111110100000000000011100001100000000000000000001000
0000000000000000000000000000101111000000000000010000011000000000011000000001000000001000000000011000000100000000000010000001000000000000010000010000000000000100000100000000000001000001000000000000011000010000000000000010000110000000000000100000000000000000001000001000000000000100000110000000000001000001110000001101100000001110000001110000000000111101111100000000000000000001100000000000000000000000
0000000000000000000000000000000111000000000000000110011000000000000110000001000000000011000000001000000001100000000001000000100000000000010000001000000000000100000100000000000000100001000000000000001000010000000000000010000100000000000000100001000000000000001000011000000000000110000010000000110011000000110000000111100000000110010000100000000000111111110100000000000000000000100000000000000000000000
0000000000001100000000000000111100100000000000011000000100000000011000000000100000000100000000000100000010000000000001000001000000000000001000010000000000000010000100000000000000100001000000000000000000010000000000000010000100000000000001100001000000000000010000011000000010001000000010000000010010000000110000000111000000000110000011100000000000111111000100000000000000000001100000000000000000000000
0000000000000000000000000000001111100000000000010000001000000000001000000001000000000100000000001000000010000000000010000001000000000000000000100000000000000100001000000000000001000010000000000000010001000000000000000000011000000000000001000010000000000000010000000000000000000100000100000000000001000001100000000100110000001100000001110000000000110111011100000000000011000000110000000000000000000100
0000000000000000000000000000011111110000000000011100000110000000001000000000110000000100000000000000000010000000000001000010000000000000001000100000000000000010010000000000000000000100000000000000000101000000000000000001010000000000000000010010000000000000000100100000000000000001000110000000010000100000110000000110001000000011101000111100000000100100001110000000001100101100110000000000110000000100
0000000000000000000000000000000000000000000000011101111000000000001100000001100000000100000000000100000010000000000001000000100000000000010000010000000000000010000100000000000000100010000000000000001000100000000000000010001000000000000000010001000000000000000100010000000000000010000110000000000000100000100000000100010000000110000000101000000000011111010100000000000011110100100000000000000000000100
0000000111111100000000000010000001100000000001000000001100000000100000000001100000110000000000001000011000000000000001000100000000000000011001000000000000000010010000000000000000100100000000000000001001000000000000000010010000000000000000100100000000000000001001000000000000000110001000000000100001000011000000001111100000001000000001111000000011001111101111000000011000001000010000000011111000000000
0000000011111100000000000011000000110000000001100000000100000000010000000000100000011000000000001100001100000000000001000010000000000000010001000000000000000010010000000000000000100100000000000000001010000000000000000010100000000000000000100100000000000000001001000000000000000110011000000000000001000011000000001000010000011000000001111000000011000000011110000000001111111100110000000000000000000010
0000000000000000000000000000111111100000000001110000001110000000110000000000100000010000000000000100001100000000000001000010000000000000001000100000000000000010011000000000000000100100000000000000000101000000000000000001001000000000000000010010000000000000000100100000000000000001001100000000000000100001100000000000011000001100000000111100000001110000000111000000000111111110011000000000110000000011
0000000000000000000000000000000000000000000000011111111100000000011100000001100000001000000000001100000110000000000001100001000000000000001100010000000000000001001000000000000000010010000000000000000100100000000000000001001000000000000000010010000000000000000100100000000000000010001100000000000000100001000000000110110000011000000000111000000011000000011111000000011111111000011000000000000000000011
0000000011111100000000000011000000110000000011000000000110000001000000000000110000110000000000000100001000000000000001000100000000000000001010000000000000000010100000000000000000101000000000000000001010000000000000000001000000000000000000010000000000000000000110000000000000000010100000000000000001101100000000000010100000110000000000111000000011000000011011000000001111111100001100000000111000000001
0000000000000000000000000011111111000000000011100000001000000001100000000001100000110000000000001000011000000000000001001000000000000000011010000000000000000010100000000000000000100000000000000000001000000000000000000010000000000000000000111000000000000000001010000000000000000010011000000000000001000011000000000100110000011000000000111000000001100100011011000000000111101000011000000000000000000000
0000000000011000000000000011111101100000000011100000001100000001100000000000100000110000000000001100001000000000000001000100000000000000011011000000000000000010100000000000000000101000000000000000001010000000000000000011100000000000000000011100000000000000001101000000000000000010001000000000000001100001000000000110110000001100000000111000000001110000011011000000000111111000011000000000000100000010
0000000000000000000000000000000000000000000000011111100000000000011000001100000000011100000000100000001000000000001100000100000000000001000011000000000000001000100000000000000010001000000000000000110011000000000000000100010000000000000001000100000000000000010000100000000000001000001000000000000010000001000000000101000000001000000011100000000001100110111110000000000111000011110000000000000000000000
0000000001110000000000000011110011100000000001000000001100000000100000000001000000010000000000001000001000000000000011000100000000000000010001000000000000000110100000000000000000101000000000000000001011000000000000000010010000000110000001100100000000100000010001100000000100000100001100000000110010000001100000000111100000001100000000110000000000110001011011000000000111111000011000000000000000000010
0000000000111000000000000001110001100000000001100000000110000000100000000000100000010000000000000100001100000000000001000010000000000000010000100000000000000100001000000000000001000010000000000000010000100000000000000100001000000000000001000010000000000000010000100000000000000100000100000011000010000000100000011100100000001100000001111000000000110000011011000000000111111100011000000000000000000010
0000000111001100000000000011000000100000000001100000000110000000010000000000110000001000000000000100000100000000000000100011000000000000001000100000000000000001001000000000000000010010000000000000000101000000000000000001011000000001000000010010000000001100000100100000000001000001000100000000001101100000100000000000110000000110000000011110000000111110111000110000000000011000000000000000000000000000
0000000000000000000000000000001111000000000000011000001100000000001000000001100000001100000000001100000110000000000001000001000000000000001000010000000000000010001000000000000000110010000000000000000100100000000000000001001000000000000000010010000000000000000100100000000000000011000100000000100000100001100000000100010000001000000000111000000001100000011111000000001111111000011000000000000000000011
0000000000000000000000000000111100000000000000110000111000000000001000000011000000000100000000011000000010000000000001000000100000000000010000010000000000000010000100000000000000100001000000000000001000010000000000000010000100000000000000100001100000000000001000001000000000000010000010000000100000100000010000001100010000000110000000111100000000111100001110000000000111111100011000000000000000000011
0000000000000000000000000000000000000000000000011111111000000000001100000001100000000100000000000100000001000000000001000000100000000000001000001000000000000000000100000000000000110001000000000000000100010000000000000001000110000000000000010000100000000000000100001000000000000000000010000000100000010000110000000110000100000100000000010010000000100000000011000000001111000011001000000011011111000011
0000000000111100000000000011110001100000000011000000000110000001000000000000110000010000000000000110001000000000000000110110000000000000000101000000000000000011010000000000000000100100000000000000001101000000000000000000011000000000000000010010000000000000000100100000000000000001000100000000010000100001000000000100011000001000000000101000000001100000000110000000001111001110010000000000011100000010
0000000011111000000000000001100001100000000000100000001100000000110000000001100000001000000000001100000100000000000001000010000000000000001000100000000000000010010000000000000000100100000000000000001001000000000000000010011000000000000000100010000000000000001000100000000000000010001000000000000001000001000000001100100000011000000000111000000001100010011110000000001111111000110000000000000000000010
0000000011111000000000000011100001100000000011000000001100000001000000000000100000110000000000001000011000000000000001000100000000000000011001000000000000000010010000000000000000100100000000000000001001000000000000000010010000000000000000100100000000000000001001000000000000000010010000000000110001100100000000000100110000100000000000111000001100000000011110000000111000011100011000000001111000000010
0000000000000000000000000000011111000000000000011000001100000000011000000000110000001100000000000110000110000000000000100001000000000000000100110000000000000001001000000000000000010100000000000000000101000000000000000001010000000000000000010100000000000000000100100000000000000001001000000000000000010011000000000100001100011000000001100110000011000000001111000000001100000011110000000001111111100110
0000001111110000000000000110000111000000000010000000011000000001000000000010000000100000000000010000010000000000000010001000000000000000110010000000000000000100100000000000000001001000000000000000010010000000000000000100100000000000000001001000000000000000010010000000000010000100100000000000100001001100000000000110100001000000000000110000001000000000011011000001110011111000001100000111110000000011
0000000000000000000000000000000000000000000000010111111000000000001100000010000000000110000000010000000010000000000010000001100000000000100000010000000000000100000100000000000001000010000000000000010000100000000000000100001000000000000001000010000000000000010000010000000000000110000100000011000001000001100000001100010000001000000000111000000001001100000110000000001111111111011000000000000000000011
0000000000000000000000000000011100000000000000110000100000000000011000000100000000011000000000100000001100000000001000000010000000000001000001000000000000000000010000000000000100000000000000000000100000100000000000001000001000000000000010000001000000000000100000001000000110001000000010000000100010000000010000000110100000000011100000111000000000011111110011000000000000000000011000000000000000000000
0000000000000000000000000011100110000000000001000000011000000000100000000011000000010000000000001000001100000000000011000010000000000000011000100000000000000010001000000000000000010110000000000000000101000000000000000001011000000000000000010010000000000000000100100000000000000010001000000000100000100001000000001100001000011000000001100100000010000000001111000000011000000011110000000001111111000110
0000001111111100000000000110000000110000000010000000000100000001000000000000100000100000000000000100011000000000000001000100000000000000001010000000000000000010100000000000000000101000000000000000001110000000000000000001100000000000000000110100000000110000001001000000000010000110010000000000010001000010000000000010100000010000000000011000000110000000111010000000011111111000011000000000000000000010
0000000101111000000000000011000011100000000011000000001000000001000000000001100000010000000000001000011000000000000001000100000000000000010001000000000000000100010000000000000000000100000000000000001001000000000000000010010000000000000000100100000000010000001001000000000010000010010000000000010001000010000000000010110000011000000000110000000011000011111110000000001111110000010000000000000000000010
0000000000000000000000000011011100000000000001000000100000000000100000000100000000010000000000110000001000000000000100000010000000000001000000100000000000001000010000000000000010000100000000000000100001000000000000001000010000000000000010000100000000000000100001000000001000001000001000000001100100000011000000000111000000010000000001100000000011000111110110000000011101110000100000000000111000000000
0000000011111100000000000001000001100000000000100000001000000000010000000001000000001000000000010000000100000000000010000011000000000000110000000000000000000000001000000000000001000010000000000000010000100000000000000100001000000000000001000010000000000000010000100000000100000100000100000000100001000001000000000110100000001000000000110000000011100000011110000000001111111000110000000000000000000110
0000000000000000000000000000111111100000000000010000000100000000001000000000100000001100000000000100000100000000000001000010000000000000010000100000000000000010001000000000000000000010000000000000001001000000000000000010010000000000000000100010000000000000001000100000000000000010001000000000110000100001000000000110010000001000000000111100000001111010001111000000000111111100011000000000000000000010
0000000000000000000000000000000000000000000000011111111000000000001000000011000000000100000000011000000110000000000010000001000000000000010000010000000000000100001000000000000001000010000000000000010000000000000000000000001000000000000001000010000000000000010000100000000010000100000100000000000010000001000000000111000000011000000000110000000011000001110100000000011111100000110000000000000000000000
0000000000011000000000000000111001100000000000010000000110000000001000000000110000001100000000000110000010000000000000110001000000000000000100100000000000000001001000000000000000010010000000000000000000100000000000000000001000000000000000000010000000000000000000100000000000000001000100000000000000010001000000011100001000001000000001100010000001000000000111000000001110000011110000000001111111000011
0000000000000000000000000000011111000000000000011000001000000000001000000001000000000110000000001000000010000000000011000000100000000000010000010000000000000000000100000000000000100001000000000000001000010000000000000010000100000000000000000001000000000000001000010000000010000010000100000000100000100000100000000110001000001100000000110100000001100000000111000000001111101110010000000000000000000011
0000000000000000000000000000000000000000000000001111110000000000001100000111000000000110000000011000000010000000000011000001000000000000010000110000000000000100001000000000000000100010000000000000001000100000000000000010001000000000000000100010000000000000001000100000000110000100001000000000110001000010000000000100100000010000000000111000000011000000011100000000001111111000100000000000000000000000
0000000000000000000000000000000000000000000000011111100000000000001100000110000000000100000000011000000010000000000011000001000000000000010000110000000000000100001000000000000001000010000000000000001000100000000000000010001100000000000000100001000000000000001000010000000000000010000100000001110001000001100000000100010000001000000000111000000001000100001110000000001111111100010000000000000000000110
0000000011111000000000000011000011000000000000100000011000000000110000000010000000001000000000011000001100000000000010000010000000000000110001000000000000000100010000000000000001000100000000000000010001000000000000000110011000000000000000100010000000000000001000100000000000000010000100000001100001100001000000001100010000001000000000111100000011000000001110000000011111111110011000000000000000000011
0000000000111100000000000000111001110000000000110000000110000000011000000000110000000100000000000110000110000000000000100011000000000000001000100000000000000001010000000000000000010100000000000000000101000000000000000001010000000000000000010100000000000000000101000000000010000001010000000000110000100010000000000010011000010000000000110100000011000000000111000000001111111110011000000000000000000011
0000000000110000000000000001010011000000000000110000001000000000011000000001000000001100000000011000000110000000000010000001000000000000110000010000000000000100001000000000000001000010000000000000001000100000000000000010001000000000000000100010000000000000001000100000000110000010000100000000110000100001000000000100010000011000000000111100000011000000000111000000001110010101011000000000111110000011
0000011100111100000000001000000001100000000110000000001100000011000000000001100000100000000000001000001000000000000001000100000000000000010001000000000000000100010000000000000001000100000000000000010000100000000000000010001000000011000000100011000000001000001000010000000001000010000010000000001001100000010000000001110000000110000000001000000000011110011101100000000000111000000100000000000000000001
0000001100001100000000000110000000110000000000000000000100000001100000000000100000110000000000001100001000000000000001100110000000000000001001000000000000000010100000000000000000111000000000000000000110000000000000000001110000000001000000010100000000001000000101100000000001000001001000000000011000100001000000000001011000001000000000001100000001000000001111100000001111111100001100000000001100000001
0000000000000000000000000011111100000000000001100000111000000000100000000011000000010000000000011000001000000000000011000010000000000000010000100000000000000110010000000000000000100100000000000000001001000000000000000010010000000000000000100100000000010000001000100000000110000010001000000000010001000011000000000010110000011000000000111000000011000000011010000000011111111000010000000000000000000011
0000000011111110000000000011000000110000000001000000000010000001100000000000010000010000000000000100001000000000000001100100000000000000001001000000000000000010010000000000000000100100000000000000001001000000000000000010010000000011000000100010000000001000001000100000000001000010001000000000001001000011000000000001100000010000000000111100000011000000111000100000001111110000001000000000000000000001
0000000000000000000000000000111111100000000000011000000110000000011000000000100000001100000000000100000010000000000000100001000000000000001000100000000000000010001000000000000000100110000000000000001001000000000000000010011000000000000000100010000000000000001000010000000010000100000100000000010011000000100000000111100000000100000000110000000000110101110010000000000011110000010000000000000000000010
0000000111111100000000000110000001100000000001000000000100000001100000000000110000110000000000000100001000000000000000100110000000000000001001000000000000000010010000000000000000010100000000000000000101000000000000000010010000000000000000100010000000000000001000100000000000000100001100000000100010000001000000000101100000001000000000110000000001111001110100000000000111110000100000000000000000000100
0000001110000010000000000010000000010000000011000000000010000001000000000000100000010000000000000100001000000000000001000110000000000000010001000000000000000000010000000000000001101100000000000000001010000000000000000010100000000000000000101000000000000000011011000000000000000100010000000011000001000010000000001000100000010000000011011000000010000000001100000000111100011101000000000001111100001100
0000000000000000000000000000001100000000000000011100111000000000001100000001000000000100000000011000000011000000000010000000100000000000010000010000000000000100001000000000000000100010000000000000001000100000000000000010001000000000000000100010000000000000001000100000000000000010001000000000110001100001000000000110010000001000000000111100000001000000001110000000001110011110010000000000011100000011
0000000000000000000000000000111111110000000000010000000100000000011000000000100000000100000000000100000010000000000001000001000000000000001000110000000000000010001000000000000000100010000000000000001100100000000000000001001000000000000000100011000000000000001000010000000000000010000100000001100001100001100000000100010000001100000001111000000001000000001100000000001111011100110000000001111000000110
0000000000011100000000000001111000111000000000100000000011000000011000000000010000001100000000000011000100000000000000010010000000000000000100100000000000000001010000000000000000010100000000000000000101000000000000000001010000000000000000010100000000000000000101000000000000000010010000000000100001100010000000001100110000010000000000111000000111000000011011000000011111111000001100000000000000000000
0000000000000000000000000000000000000000000000001110110000000000000100000011000000000010000000011000000011000000000011000001000000000000010000010000000000000010001000000000000000100010000000000000001001000000000000000010010000000000000000100110000000000000001000100000000000000010001000000000000001000010000000011000110000100000000011111000000110000000001110000000111000011110011000000011111100000000
0000000000111100000000000000110000100000000000110000000100000000011000000000100000000100000000000100000110000000000001100001000000000000001000100000000000000010011000000000000000100100000000000000001001000000000000000010010000000000000000100100000000000000001001100000000000000010001000000010000001000011000000011000110000011000000011011000000011000000011100000000001111111101100000000000110000000100
0000000000011111000000000000110000001100000000010000000000100000001000000000000100001100000000000001000100000000000000010001000000000000000100100000000000000001011000000000000000010100000000000000000101000000000000000001001000000000000000010010000000000000000100100000000000000011001000000000000001110011000000000000110000011000000011101100000011000001001110000000001111111110110000000000001110000011
0000000001111111000000000001000000011000000000100000000001000000010000000000011000011000000000000010001000000000000000110010000000000000000101000000000000000001010000000000000000010100000000000000000101000000000000000001010000000000000000010000000000000000000100100000000000000010001000000000110001100001000000000110110000011000000000011000000011000000011110000000011111001000111000000001111100000010
0000000000111110000000000000110000110000000000010000000011000000011000000000010000001000000000000010000100000000000000100001000000000000001000100000000000000001001000000000000000010100000000000000000101000000000000000001010000000000000000010100000000000000000101000000000000000001011000000000000001100010000000001100010000110000000000111000000110000000001111000000011111101100001100000000000000000000
0000000111100110000000000010000000010000000011000000000010000001000000000000010000110000000000000100011000000000000001000100000000000000010010000000000000000100100000000000000001001000000000000000001010000000000000000010100000000000000000100100000000000000011001000000001100000100001000000000100001000011000000001100100000011000000000110000000011100000111100000000001111110000110000000000000000000110
0000000111001110000000000011000000110000000001000000000110000000000000000000010000010000000000000010001000000000000000100010000000000000000101000000000000000001010000000000000000010100000000000000000101000000000000000001010000000000000000010100000000000000000100100000000000000001001000000000100000110001000000001100010000011000000000111100000011100000111111000000001111110000001100000000000000000001
0000000000001100000000000001111100110000000000100000000010000000010000000000010000001000000000000010000100000000000000010001000000000000000100100000000000000001011000000000000000010100000000000000000101000000000000000001010000000000000000110100000000000000001001000000000100000110011000000000100001000010000000000101100000011000000000110000000011101011110010000000000111100000011000000000000000000010
0000000000011000000000000001111001100000000000100000001100000000011000000001100000011000000000001100001100000000000001100010000000000000001001000000000000000010010000000000000000100100000000000000001001000000000000000010010000000000000000100100000000000000010000100000000000001100001000000000000010000010000000110011000000010000000011100000000010000001111100000000011111100001110000000000000000000000
0000000000111110000000000000010000111000000000110000000011000000010000000000011000011000000000000010000100000000000000110011000000000000000101000000000000000001010000000000000000010100000000000000000101000000000000000001010000000000000000010110000000000000000100100000000000000010001000000000100001100011000000001100110000011000000001110000000011000100101110000000011111110000011000000000000000000001
0000000000000000000000000000000000000000000000011111110000000000001100000110000000001100000000010000000110000000000110000001000000000000110000100000000000000100010000000000000001100100000000000000001010000000000000000010100000000000000000100100000000000000001001000000000000000010010000000000000001000010000000011000100000010000000001111000000111000111111110000000011111100000011000000000000000000000
0000000001111000000000000011100001100000000001000000000100000000010000000000100000011000000000000100000100000000000001100010000000000000001000100000000000000011010000000000000000010100000000000000000101000000000000000001010000000000000000110100000000000000011001000000000000000100010000000001100110000010000000001111000000110000000011110000000011001111100011000000011111110000001000000000000000000001
0000000001111100000000000011100001110000000001100000000110000000110000000000110000110000000000000100011000000000000000101100000000000000001010000000000000000011100000000000000000010000000000000000000100000000000000000001100000000000000000011000000000000000000110000000000000000011110000000000000000100110000000001100010000110000000001101000000110000000001100000000011100111100100000000001110000000110
0000000011111100000000000011100001100000000001100000001100000000100000000001100000010000000000001000001000000000000001000100000000000000010010000000000000000010100000000000000000101000000000000000001010000000000000000010100000000000000000101000000000000000001001000000000000000110010000000000100001000010000000001100110000110000000000111000000011000000011110000000001111111000110000000000001000000110
0000000000000000000000000000011110000000000000111100011000000000011000000001000000001000000000011000000100000000000011000010000000000000010000100000000000000100011000000000000001000100000000000000011001000000000000000010001000000000000000100010000000000000001000100000000000000100001000000000100011000011000000001101100000011000000000110000000011100001110110000000001111100000110000000000000000000110
0000000000000000000000000000000000000000000000111111111000000000010000000011100000001000000000001100000100000000000001100011000000000000001000100000000000000001001000000000000000010010000000000000000100100000000000000000001000000000000000000010000000000000000100100000000000000001001100000000110000110001000000000110001000011000000000110100000001000000000110000000001111010010011000000000011111000011
0000000000000000000000000011111111100000000011000000001100000000100000000000100000010000000000000100001000000000000000100010000000000000001000100000000000000010001000000000000000010010000000000000000100100000000000000001001000000000000000110010000000000000001000100000000010000010001100000000010001000001000000000010110000001000000000110000000001100010111011000000001111110000011000000000000000000011
0000000001111100000000000001100001100000000000110000000100000000010000000000100000111000000000000100001000000000000001100100000000000000001001000000000000000010100000000000000000101000000000000000001010000000000000000010100000000000000000100100000000000000001001000000000100000100010000000001100001000010000000000110110000010000000000011000000011000000111011000000001111110000001000000000000000000011
0000000011111100000000000011100001100000000001000000000100000000110000000000100000010000000000000100001000000000000001100110000000000000001001000000000000000011100000000000000000011000000000000000000110000000000000000001100000000000000000011000000000000000000111000000001100000010010000000000100001100100000000000110100000110000000000011000000111000000001010000000011111101100011000000000011100000000
0000000000000000000000000001111110000000000001100000011000000000100000000010000000110000000000010000011000000000000110000100000000000000100001000000000000000100010000000000000001000100000000000000001001000000000000000010010000000000000000100100000000000000011001100000001000000100001000000001000011000001000000001101100000001000000000110000000001110000011110000000000111111000010000000000001000000000
0000000111111110000000000010000000110000000001000000000011000000100000000000010000010000000000000010011000000000000000101000000000000000001110000000000000000001100000000000000000011000000000000000000110000000000000000001100000000000000000100100000000000000000001000000000100000100001100000000100010000001000000000111000000001000000000110000000001100000110010000000000111110000011000000000000000000010
0000000000001100000000000000010101110000000000011000000010000000011000000000010000001000000000000010001100000000000000010010000000000000000101000000000000000001010000000000000000010100000000000000000101000000000000000001010000000000000000010100000000000000000100100000000110000010001000000000010000100011000000000100110000001000000000011000000001100000001110000000000111111100011000000000000000000011
0000000001111100000000000001100001100000000000100000001100000000100000000001100000011000000000001000001000000000000001000110000000000000010011000000000000000010100000000000000000101000000000000000001010000000000000000010000000000000000000101000000000010000001011000000000010000110010000000000010001000000000000000011100000110000000000011000000110000000011010000000011111111000011000000000000000000010
0000000011111110000000000001100000110000000000100000000010000000010000000000110000001000000000000110000110000000000000100001000000000000001000010000000000000001001000000000000000010010000000000000000100100000000000000001001000000000000000010001000000000000000100010000000001000001000110000000010000100000100000000011010000000100000000011100000001100000001011000000000111111100001000000000000000000001
0000000001110001000000000001100000001000000000100000000001000000010000000000001000000100000000000010000010000000000000100001100000000000001000010000000000000010001000000000000000100010000000000000001000100000000000000010000100000000000000100001000000010000001000010000000010000100000010000000010010000000110000000001000000000100001011100000000000111100000100000000000001110000110000000000000000000100
0000000000000000000000000000011111100000000000111000000100000000001000000000110000000100000000000100000010000000000000100001000000000000001000100000000000000001001000000000000000010100000000000000000101000000000000000001010000000000000000000110000000000000000000100000000110000000001000000001100000010001000000000100000100011000000000110010000011000000000111000000011110000001110000000000111111110011
0000000000111111000000000000110000011000000000110000000010000000010000000000010000001100000000000010000010000000000000100001000000000000001100100000000000000001001000000000000000010010000000000000000100100000000000000001001000000000000000010010000000010000001000100000000010000010000100000000100001000001100000000110100000001100000000110000000001100000111010000000000111110000110000000000000000000110
0000000110000110000000000011000000010000000001000000000110000000110000000000010000110000000000000110001000000000000000110010000000000000000101000000000000000001010000000000000000010100000000000000000101000000000000000001010000000000000000010010000000000000000100110000000010000010000100000000010001100000100000000010010000001000000000111000000001110000001110000000000111100100110000000001011110000100
0000000000000000000000000000111100000000000000110000111000000000010000000001100000001000000000001100000100000000000001000010000000000000010000100000000000000100001000000000000000100010000000000000000000100000000000000100001000000000000001000010000000000000010000100000000000000100000100000001100011000001000000001000100000001000000001110000000001100000011100000000001111111000110000000001110000000100
0000000011111100000000000001100001100000000000100000001000000000010000000001000000001100000000001000000100000000000011000010000000000000010001100000000000000100010000000000000000101000000000000000001010000000000000000010100000000000000000101000000000000000001010000000001100000010100000000001000001101100000000001100110001000000000000110000001100000000011111000001111011111100010000000011111000000000
0000000000000000000000000001111111000000000000110000011000000000010000000001000000001000000000001000000100000000000001000010000000000000010000100000000000000010010000000000000000101000000000000000000111000000000000000001010000000000000000110100000000001000001001000000000011000010001000000000011001000001000000000001110000011000000000111000000011100000101001000000000111111000001000000000000000000011
0000000011111100000000000011000001100000000001000000000110000001100000000000100000110000000000000100001000000000000001000100000000000000011001000000000000000010010000000000000000100100000000000000001001000000000000000010010000000000000001100100000000000000010001000000001100001100011000000000100010000011000000000111000000011000000001100000000011000111111100000000001111100000100000000000000000000000
0000000000000000000000000001111110000000000001100000111000000000100000000011000000010000000000011000011000000000000010000100000000000000010011000000000000000110100000000000000000101100000000000000001001000000000000000010010000000000000000100110000000000000001000100000000010000100000100000000010001000001000000000111100000001000000000110000000001100000110001000000001111110000011000000000000000000010
0000000000010000000000000001111011000000000000100000001100000000010000000001000000011000000000011000001000000000000010000110000000000000100001000000000000001000010000000000000010000100000000000000100001000000000000001000010000000000000010000010000000000000100000100000011000010000001000000001100100000001000000000110000000001000000011100000000001001111000110000000001111100000100000000000000000000100
0000000011111100000000000011000001110000000001100000000011000000110000000000011000011000000000000011000100000000000000010011000000000000000100100000000000000001010000000000000000010100000000000000000101000000000000000001011000000000000000110010000000001000000100100000000001000011000100000000011001100001100000000011100000001100000000011000000001100000111011000000000111111000011000000000000000000000
0000000011111100000000000011000001100000000001100000000110000000100000000000010000010000000000000110001100000000000000100100000000000000000101000000000000000001100000000000000000011000000000000000000010000000000000000000100000000000000000001100000000000000000001000000000000000000001000000000010000010010000000000110001100010000000000110110000011000000000111000000001111100111011000000000001111000011
0000000000111110000000000001110000110000000000110000000010000000110000000000110000011000000000000110000100000000000000100010000000000000001000100000000000000010001000000000000000100100000000000000001101000000000000000001010000000000000000010100000000000000000101100000000000000001001000000000100000100011000000001100011000001000000000111100000001000000011110000000001100011000010000000000111000000010
0000000000000000000000000000000000000000000000011111110000000000001100000011000000000110000000011000000011000000000001000001100000000000011000010000000000000010001100000000000000100010000000000000000100100000000000000001001000000000000000010010000000000000000100100000000000000001001100000000110000100001100000000100011000001000000000101100000001000000001110000000001101111110110000000000111000000110