0000000111000000000000000011001100000000000000100001000000000000011000001000000000000100000010000000000011000000100000000000100000001000000000001000000100000000000010000011000000000001100011100000000000010111100000000000000100011000000000000001000001000000000000010000001000000000000100000011000000000001000000010000000000010000000010000000000110000000100000000000100000000000000000000000000000000000
0000011111000000000000001000001000000000000100000001000000000001000000010000000000010000000010000000000100000000110000000001000000000100000000010000000001000000000100000000110000000001000000011000000000010011111100000000000100000001100000000001000000001000000000010000000001000000000100000000010000000001000000000110000000010000000000100000000100000000001000000000000000000000000000000000000000000000
0000000110000000000000001110110000000000000010000010000000000001000000010000000000100000000100000000001000000001000000000100000000010000000001000000001100000000010000000110000000000100011010000000000001000111100000000000010000000100000000000100000000000000000000100000000100000000001000000001000000000010000000001000000000100000000010000000001000000000110000000000000000000000000000000000000000000000
0000011111100000000000001100000100000000000100000001000000000001000000001000000000100000000010000000001000000000100000000010000000001000000000100000000100000000001000000010000000000010001101000000000000100011110000000000001000000110000000000001000000100000000000010000000100000000000100000000100000000001000000001000000000010000000011000000000000000000010000000000000000000000000000000000000000000000
0000000000000000000000000111100000000000000011000110000000000001100000010000000000010000000010000000001000000000100000000010000000001000000000100000000010000000001000000000100000000010000000010000000000010000011000000000000100111100000000000001000011000000000000010000001000000000000100000011000000000001000000010000000000010000000100000000000000000000100000000000000000001000000000000000000000000000
0000011000011100000000000100000001000000000010000000011000000000100000000010000000001000000000110000000010000000000100000000100000000011000000001000000000100000000010000000011000000000100000001100000000000001111110000000000010000001000000000000100000001000000000001000000001000000000010000000000000000000100000000110000000001100000000100000000010000000001000000000100000000000000000001000000000000000
0000000111111100000000000010000001100000000001100000001000000000010000000010000000000100000000010000000001000000000100000000100000000001000000001000000000010000000010000000001100000000100111100110000000010000111110000000000100000000010000000001000000000010000000010000000000100000000000000000001000000001000000000001000000010000000000010000000110000000000100000000100000000000000000000000000000000000
0000011110010000000000000100000010000000000010000000100000000000100000000100000000001000000001000000000010000000010000000000100000001000000000001000000010000000000010000000100000000000100000011000000000001001111000000000000010000110000000000000100000110000000000001000000100000000000010000000100000000000100000001000000000001000000001000000000100000000010000000000000000000000000000000000000000000000
0000000111100000000000000011000110000000000001100000100000000000110000001000000000001000000010000000000010000000100000000000100000001000000000001000000010000000000100000001100000000001001101110000000000010001110000000000000100000110000000000001000000010000000000010000000100000000000100000000100000000000100000000100000000001000000001000000000010000000001000000000100000000000000000000000000000000000
0000001111110000000000000110000011000000000011000000010000000000100000000010000000001000000000100000000100000000001000000001000000000100000000010000000111000000000100001110000000000001000001100000000000010000001000000000000100000001000000000001000000001000000000001000000010000000000010000000010000000000100000000110000000001000000000100000000110000000001100000001000000000001000000000000000000000000
0000011111100000000000000100000110000000000001000000100000000000100000001000000000001000000001000000000010000000010000000000100000001000000000001000000110000000000010011111000000000000100011000000000000001000010000000000000010000010000000000000100000010000000000001000000100000000000010000000100000000000100000001000000000001000000001000000000010000000010000000000100000000100000000000000000000000000
0000011100110000000000001000000110000000000010000000100000000000100000001000000000001000000010000000000010000000100000000000100000001000000000001010010100000000000010011100000000000000100010000000000000001000110000000000000010000010000000000000010000010000000000000100000100000000000001000000100000000000010000001100000000000100000001000000000001000000010000000000010000000000000000000000000000000000
0000001100011000000000000100000010000000000011000000010000000000100000000100000000001100000001000000000001000000010000000000010000000100000000000100000001000000000001000000010000000000010000001000000000000101111100000000000001000110000000000000010000010000000000000100000110000000000001000000100000000000010000000100000000000100000001000000000001000000011000000000010000000010000000000000000000000000
0000000111100000000000000110000110000000000001000000100000000000010000000100000000000100000001000000000001000000010000000000010000000100000000000100000001000000000001000000110000000000010011111000000000000100010000000000000001000010000000000000010000010000000000000100000010000000000001000000100000000000010000001100000000001100000001000000000010000000001000000000000000000000000000000000000000000000
0000011111000000000000001100001000000000000010000011000000000000100000010000000000001000000100000000000010000001100000000000100000011000000000001000000100000000000010000011000000000000100001100000000000001011100000000000000010001100000000000000100001100000000000001000001100000000000010000001000000000000100000011000000000001000000010000000000010000000110000000000100000000100000000000000000000000000
0000000011111100000000000001100001100000000000010000001100000000001000000001000000000010000000010000000000100000000100000000001000000001000000000010000000100000000000100000001000000000001000000110000000000010000011000000000000101111000000000000001000110000000000000010000110000000000000100000100000000000001000000100000000000010000001100000000000100000001000000000001000000011000000000000000000010000
0000000000000000000000000011111000000000000001100001000000000000100000001000000000001000000010000000000010000000100000000000100000001000000000001000000010000000000010000000100000000000100000010000000000001011111000000000000010111000000000000000100001000000000000001000001100000000000010000001000000000000100000001000000000001000000010000000000010000000011000000001100000000010000000000000000000000000
0000001001100000000000000110000100000000000011000001000000000000100000011000000000001000000010000000000100000001000000000001000000010000000000010000011000000000000100111000000000000001000110000000000000011000110000000000000010000010000000000000100000010000000000001000000110000000000010000000100000000000100000000100000000011000000001000000000100000000011000000000000000000000000000000000000000000000
0000001111000000000000001100011000000000000010000011000000000000100000010000000000001000000100000000000010000001000000000000100000010000000000001000000100000000000010000001000000000000100000100000000000001011110000000000000010001100000000000000100001100000000000001000001000000000000010000001000000000000100000011000000000001000000010000000000010000000110000000000100000000100000000000000000000000000
0000001111110000000000000110000010000000000001000000010000000000010000000100000000000100000000100000000001000000001000000000010000000010000000000100000001000000000001000001110000000000010011100000000000000100110000000000000001000110000000000000010000110000000000000100000100000000000001000000100000000000010000001100000000000100000001000000000001000000001000000000010000000010000000000000000000010000
0000000111000000000000000011001100000000000001100001100000000000010000001000000000000100000010000000000011000000100000000000100000001000000000001000000110000000000010000011000000000000100111100000000000001001100000000000000010000100000000000000100000100000000000001000001100000000000010000001000000000000100000001000000000001000000011000000000010000000010000000000000000000000000000000000000000000000
0000000111110000000000000011000010000000000001000000010000000000010000000100000000001000000001000000000010000000010000000000100000000100000000001000000001000000000000000000110000000000100000011000000000001011111100000000000010111100000000000000100001100000000000001000000000000000000010000001100000000000100000001000000000001000000001000000000011000000001000000000000000000011000000000000000000000000
0000001111110000000000000110000110000000000001000000110000000000010000000100000000000100000001000000000001000000010000000000010000001100000000000000000010000000000001000001100000000000011111110000000000000100110000000000000001000110000000000000000000100000000000000100000100000000000001000001100000000000010000001000000000001100000001000000000000000000011000000000000000000010000000000000000000000000
0000000001111000000000000001100001000000000000110000001000000000001000000010000000000010000000100000000001100000001000000000010000000010000000000100000000100000000001000000001000000000010000000010000000000000011111000000000001000010000000000000010000010000000000000100000010000000000001000000110000000000010000000100000000000100000001100000000001000000001000000000010000000011000000000000000000000000
0000000000000000000000000000111100000000000000010000110000000000001100000100000000000110000001000000000001000000010000000000010000000100000000000100000001000000000001000000010000000000010000000100000000000100111110000000000001000100000000000000010000100000000000000100000100000000000001000000100000000000010000001100000000000100000001000000000000000000001000000000000000000011000000000000000000010000
0000000110001000000000000011000001000000000000100000010000000000010000000110000000000100000000100000000001000000001000000000010000000110000000000100000011000000000000000001100000000000100111100000000000001100001000000000000001000011000000000000010000010000000000000100000010000000000001000000010000000000010000000100000000001100000001100000000010000000001000000000000000000001000000000000000000000000
0000000011110000000000000011000110000000000000100000010000000000001000000110000000000110000000100000000001000000001000000000010000000010000000000100000001100000000001000000110000000000010000111000000000000101111000000000000001000100000000000000010000100000000000000100000100000000000001000001000000000000010000001000000000001000000011000000000010000000010000000000000000000110000000000000000000100000
0000000000000000000000000001111110000000000000110000110000000000001000000100000000000100000000100000000001000000011000000000010000000100000000000100000010000000000001011111000000000000100011000000000000001000011000000000000010000011000000000000100000010000000000001000000010000000000010000000100000000000100000000100000000001000000000100000000010000000001000000000000000000000000000000000000000000000
0000000011000000000000000011001100000000000001000001000000000000110000001000000000001000000011000000000010000000010000000000100000000100000000001000000001000000000010000000100000000000100000010000000000001001111000000000000010011000000000000000100001000000000000001000011000000000000010000011000000000000100000010000000000001000000010000000000010000000110000000000100000000100000000000000000000000000
0000000000000000000000000001111100000000000000010000100000000000001000000100000000000110000001000000000001000000010000000000010000000100000000000100000001000000000001000000100000000000010000110000000000000101111000000000000001000110000000000000010000010000000000000000000010000000000001000000100000000000010000000100000000000100000000100000000001000000001000000000010000000001000000000000000000000000
0000000011110000000000000001100011000000000000010000010000000000001000000100000000000010000000100000000000100000001000000000001000000010000000000010000001000000000000100000110000000000001111111000000000000010110000000000000000100110000000000000010000100000000000000100000100000000000001000000100000000000010000001100000000000100000001000000000001000000001000000000000000000010000000000000000000000000
0000000111110000000000000011000011000000000001000000010000000000010000000010000000000100000000100000000001000000001000000000010000000110000000000100000011000000000001001101100000000000010001100000000000000100001100000000000001000001100000000000010000000100000000000100000000000000000001000000010000000000010000000010000000000000000000100000000000000000001100000000000000000001000000000000000000000000
0000000001111000000000000000110001000000000000011000010000000000000100000010000000000010000000110000000000100000000100000000001000000001000000000010000000010000000000100000000100000000010000000010000000000101110111000000000001001111000000000000010000001000000000000100000010000000000001000000010000000000010000000100000000000100000000100000000011000000000100000000000000000001000000000000000000000000
0000000000010000000000000001111011000000000000100000010000000000011000000010000000000100000000100000000001000000001000000000010000000010000000000100000000100000000001000000110000000000010111110000000000000100010000000000000001000010000000000000010000100000000000000100000100000000000001000000100000000000010000001000000000001100000001000000000000000000011000000000000000000000000000000000000000000000
0000000011111000000000000001000001000000000000100000001000000000001000000010000000000100000000100000000001000000001000000000010000000110000000000100000001000000000001010001100000000000010111100000000000000100001000000000000001000001000000000000010000001000000000000010000011000000000001000000010000000000010000000010000000000100000000100000000000000000000000000000000000000000000000000000000000000000
0000000000000000000000000000111100000000000000111001100000000000001000000100000000000110000000100000000001000000001000000000010000000010000000000100000000100000000001000000001000000000010000000100000000000101100110000000000001001111000000000000010000001000000000000100000001000000000001000000001000000000010000000010000000001100000000010000000010000000000110000000000000000000000000000000000000000000
0000000000000000000000000000011100000000000000001000110000000000000100000110000000000010000000100000000000100000001100000000001000000001000000000010000000010000000000100000001000000000001000000110000000000010111110000000000000100001000000000000001000001000000000000100000011000000000001000000010000000000010000000110000000000100000000000000000001000000000000000000000000000000000000000000000000000000
0000000000000000000000000000111110000000000000011000100000000000001000000100000000000010000001000000000001000000001000000000010000000010000000000000000000100000000001000000010000000000010110001100000000001001111100000000000010000010000000000000100000010000000000001000000010000000000010000000100000000000100000000100000000011000000001100000000000000000001000000000000000000000000000000000000000000000
0000000000000000000000000011111100000000000000100000100000000000011000001100000000000100000001000000000011000000010000000000100000000100000000001000000011000000000010000000100000000000100100111000000000001001111000000000000010000011000000000000100000011000000000001000000010000000000010000000010000000000100000000110000000001000000000100000000110000000000000000000000000000000000000000000000000000000
0000000111111100000000000011000000100000000001000000001000000000110000000010000000001000000000010000000010000000001000000000100000000010000000001001100001100000000010011111110000000000100000100000000000001000000100000000000010000000100000000000100000001100000000001000000001000000000010000000001000000000100000000011000000001000000000010000000000000000000100000000000000000000000000000000000000000000
0000000111100000000000000011000100000000000000100001100000000000001000001100000000000100000001000000000001000000010000000000010000000100000000000100000010000000000001000001100000000000011111100000000000000100110000000000000001000110000000000000010000010000000000000000000100000000000001000000100000000000010000000100000000000100000001000000000001000000001000000000000000000011000000000000000000000000
0000000000000000000000000011111100000000000001100001000000000000110000001000000000001000000010000000000010000000100000000000100000001000000000001000000010000000000010000001000000000000100111100000000000001001100000000000000010000100000000000000100000110000000000001000000100000000000010000000100000000000100000001000000000001000000001000000000010000000011000000000000000000010000000000000000000000000
0000000011000000000000000011001110000000000001100000100000000000010000000100000000000100000001100000000001000000001000000000010000000010000000001000000000100000000010000000011000000000100000000100000000001011111110000000000010000110000000000000100000010000000000001000000010000000000010000000010000000000100000000110000000001000000000110000000010000000000110000000000000000000000000000000000000000000
0000001111110000000000000110000110000000000011000000010000000000100000000100000000001000000001100000000010000000001000000000100000000010000000001000000000100000000010000000010000000000100000001100000000001001111110000000000010000110000000000000100000010000000000001000000010000000000010000000010000000000100000000110000000001000000000110000000010000000000100000000100000000000000000000000000000000000
0000001100100000000000000100000100000000000011000000100000000000100000001000000000001000000010000000000010000000100000000001000000010000000000000000011000000000000101111000000000000001000011000000000000010000001000000000000100000001000000000001000000001000000000010000000011000000000100000000010000000001000000000100000000010000000000100000000000000000001100000000000000000000000000000000000000000000
0000001111110000000000000110000010000000000011000000110000000000100000000100000000001000000000100000000010000000001000000000100000000010000000001000000000100000000010000000011000000000100111111000000000001001111100000000000010000001100000000000100000000100000000001000000001100000000010000000001100000000100000000001000000001000000000011000000000000000000000000000000000000000000000000000000000000000
0000000111110000000000000010000010000000000001000000010000000000010000000010000000001000000000100000000010000000001000000000100000000010000000001000000001100000000010000001110000000000100111110000000000001001110000000000000010000110000000000000100000011000000000001000000010000000000010000000010000000000100000000010000000001000000000100000000010000000000100000000000000000000000000000000000000000000
0000000001110000000000000011100111000000000000100000010000000000010000000010000000001000000000100000000010000000001000000000100000000010000000001000000000100000000010000000010000000000100010001000000000001000111100000000000010000010000000000000100000010000000000000000000011000000000010000000010000000000100000000010000000001000000000100000000010000000001100000000000000000001100000000000000000000000
0000000011111000000000000011000011000000000001000000010000000000010000000010000000001000000000100000000010000000001000000000100000000110000000001000000001000000000010000000100000000000100111110000000000001000110000000000000010000011000000000000100000001000000000001000000001000000000010000000001000000000100000000010000000001000000000010000000010000000000110000000000000000000000000000000000000000000
0000000111001100000000000011000001000000000000100000001000000000010000000010000000000100000000010000000001000000000100000000010000000010000000000100000001100000000001011111100000000000100011000000000000001000001000000000000010000001100000000000100000001000000000001000000001000000000000000000001000000000100000000010000000001000000000010000000010000000000100000000000000000000000000000000000000000000
0000000011100000000000000011000110000000000001100000110000000000010000000100000000001100000001000000000010000000010000000000100000000100000000001000000001000000000010000000010000000000100000011000000000001011111100000000000010000011000000000000100000001000000000001000000001000000000010000000011000000000100000000011000000001000000000010000000010000000000010000000000000000000000000000000000000000000
0000000000000000000000000000011100000000000000001000100000000000000110000100000000000011000001000000000000100000010000000000001000000110000000000110000000100000000001000000001000000000010000000010000000000100000011000000000001011111000000000000010001100000000000000100001100000000000001000001000000000000010000001000000000000100000001000000000001000000011000000000000000000010000000000000000000100000
0000000001110000000000000001100010000000000000110000100000000000011000000100000000000100000001000000000011000000010000000000100000000100000000001000000011000000000010110001100000000000100111100000000000001000100000000000000010000100000000000000110000100000000000000100000100000000000001000001000000000000010000001000000000001000000001000000000000000000011000000000000000000010000000000000000000000000
0000000011110000000000000001100010000000000000110000010000000000011000000100000000000100000001000000000001000000010000000000010000000100000000001000000001000000000010000000010000000000110000001000000000000101111110000000000001001100000000000000010000100000000000000100000100000000000001000000100000000000010000001000000000000100000001000000000001000000001000000000010000000010000000000000000000000000
0000001111111000000000001100000001000000000010000000010000000000100000000100000000001000000001000000000011000000010000000000010000000100000000000100000110000000000001011110000000000000010001000000000000000100011000000000000001000011000000000000110000010000000000001000000010000000000010000000010000000000100000000100000000001000000000100000000010000000001000000000100000000000000000000000000000000000
0000000011110000000000000001100100000000000000100000100000000000011000001000000000000100000010000000000001000000100000000000100000010000000000001000001100000000000010001100000000000000101110000000000000001000100000000000000010000110000000000000100000100000000000001000000100000000000010000001000000000000100000001000000000001000000011000000000010000000010000000000100000000000000000000000000000000000
0000000011111000000000000001100011000000000000110000010000000000010000000100000000000100000001000000000010000000010000000000100000000100000000001000000011000000000010000000100000000000101101110000000000001011100000000000000010000100000000000000100000100000000000001000001100000000000010000001000000000000100000001100000000001000000001000000000010000000011000000000000000000010000000000000000000000000
0000011100001000000000001100000011000000000110000000010000000001000000000100000000010000000001000000000100000000010000000001000000000100000000010000000011000000000100000001100000000001001111100000000000010000011000000000000010000001000000000000100000010000000000001000000010000000000010000000110000000000100000000000000000010000000001000000000100000000001000000000000000000000000000000000000000000000
0000000011111000000000000001000001000000000000110000010000000000001000000010000000000010000000100000000001000000001000000000010000000100000000000100000010000000000001011111000000000000010011000000000000000100001000000000000001000011000000000000010000010000000000000100000010000000000001000000100000000000010000001000000000001100000001000000000000000000010000000000000000000000000000000000000000000000
0000000001111100000000000001100001000000000000110000010000000000001000000010000000000110000000100000000001000000011000000000010000000100000000000100000011000000000010000001100000000000100111110000000000001000110000000000000010000010000000000000010000010000000000000100000110000000000001000000100000000000010000001100000000001100000001000000000010000000001000000000000000000010000000000000000000000000
0000000111000100000000000011000000100000000000100000001000000000010000000010000000000100000000010000000001000000001100000000010000000010000000000000000000100000000001000000001000000000010000000100000000000100001110000000000001011110000000000000010000010000000000000100000010000000000001000000010000000000010000000100000000000100000000100000000001000000001100000000010000000001000000000000000000000000
0000000000000000000000000001111100000000000000110001000000000000010000001000000000001000000011000000000010000000010000000000100000000100000000001000000011000000000010000001100000000000100111100000000000001000010000000000000010000010000000000000100000010000000000001000000100000000000010000000100000000000100000001000000000001000000001000000000010000000010000000000000000000000000000000000000000000000
0000000000000000000000000001111100000000000001110000100000000000010000000100000000000100000001000000000001000000010000000000010000000100000000000100000001000000000001000000110000000000010100111000000000000100111000000000000001000010000000000000010000110000000000000100000100000000000001000000100000000000010000001000000000001100000001000000000010000000010000000000000000000000000000000000000000000000
0000000000000000000000000001111100000000000000110000100000000000011000000100000000000100000001000000000001000000010000000000010000000100000000000100000001000000000001000000100000000000010000001000000000000101111100000000000001000010000000000000010000110000000000000100000100000000000001000000100000000000010000001000000000000100000011000000000001000000010000000000000000000000000000000000000000000000
0000000000000000000000000000000000000000000000011111000000000000001000010000000000000100000010000000000001000000010000000000010000000100000000001000000001000000000010000000110000000000100000010000000000001000111000000000000010000110000000000000100000010000000000001000000100000000000010000000100000000000100000001100000000001000000001000000000010000000011000000000000000000000000000000000000000000000
0000000000000000000000000000111100000000000000010001100000000000001000001000000000000110000011000000000001000000010000000000010000000100000000000100000010000000000001000000100000000000010000001000000000000101001110000000000001011110000000000000010000100000000000000100000100000000000001000000100000000000010000000100000000000100000001100000000001000000000000000000000000000000000000000000000000000000
0000000000000000000000000000111110000000000000010000110000000000001000000100000000000110000000100000000001000000001000000000010000000110000000000100000001000000000001000011100000000000010011100000000000000100001000000000000001000001000000000000010000010000000000000100000010000000000001000000010000000000010000000100000000000100000001100000000001000000000000000000000000000000000000000000000000000000
0000001111110000000000000110000010000000000001000000010000000000010000000100000000000100000001000000000001000000010000000000010000000100000000000100000001000000000001000001100000000000010111100000000000000100110000000000000001000010000000000000010000010000000000000100000110000000000001000000100000000000010000001000000000001000000001000000000010000000010000000000000000000000000000000000000000000000
0000000000000000000000000001111000000000000000110001100000000000011000001000000000000100000001000000000001000000010000000000010000000100000000000100000001000000000001000000010000000000010000001000000000000100000110000000000001001111000000000000010000100000000000000100000100000000000001000000100000000000010000001000000000000100000001000000000001000000011000000000010000000010000000000000000000000000
0000001111100000000000000110001100000000000001000000100000000000010000001000000000001100000010000000000010000000010000000000010000000100000000000100000001000000000001000000010000000000000000011000000000000111110100000000000001001100000000000000010001100000000000000100001000000000000010000001000000000000100000001000000000001000000010000000000010000000110000000000000000000000000000000000000000000000
0000001111100000000000000110000100000000000001000000100000000000010000000100000000000100000001000000000001000000000000000000010000000100000000000100000001000000000001000000010000000000010000001000000000000100111100000000000001001100000000000000010000100000000000000100000100000000000001000001000000000000010000001000000000000100000011000000000001000000010000000000010000000000000000000000000000000000
0000000111100000000000000011000110000000000001100000100000000000010000000100000000000100000001000000000001000000010000000000010000000100000000000100000011000000000001000000100000000000010111111000000000000100111000000000000001000001000000000000010000011000000000000100000010000000000001000000010000000000010000000100000000001100000001100000000000000000001000000000000000000000000000000000000000000000
0000000000000000000000000011111000000000000001000001000000000000010000011000000000000100000010000000000001000000100000000000010000010000000000000100000100000000000001000011000000000000010111100000000000000100110000000000000001000110000000000000010000110000000000000100000100000000000001000001000000000000010000001000000000000100000010000000000001000000110000000000000000000000000000000000000000000000
0000000011110000000000000001000010000000000000110000100000000000001000001100000000000010000001000000000000100000010000000000010000000100000000000100000010000000000001000001100000000000010111110000000000000100010000000000000001000010000000000000010000110000000000000100000100000000000001000001100000000000010000001000000000000100000010000000000001000000110000000000000000000000000000000000000000000000
0000000111100000000000000011001100000000000000100000100000000000011000000100000000000100000001000000000001000000010000000000010000000100000000000100000001000000000001000000010000000000010000001000000000000101111100000000000001001100000000000000010001000000000000000100001000000000000001000001000000000000010000010000000000000100000110000000000001000000100000000000000000000100000000000000000000000000
0000001111110000000000000110000110000000000001000000110000000000010000000100000000000100000001100000000010000000001000000000100000000010000000001000000001000000000010000000100000000000100000110000000000001011110000000000000010000111000000000000100000011000000000000000000010000000000010000000010000000000100000000110000000001000000000100000000010000000001100000000100000000001000000000000000000000000
0000001111100000000000000110000110000000000001000000100000000000010000000100000000000100000001000000000001000000010000000000010000001000000000000100000110000000000001000011000000000000010111000000000000000100011000000000000010000011000000000000100000001000000000001000000010000000000010000000110000000000100000000100000000001000000001100000000010000000001000000000100000000010000000000000000000000000
0000011111111000000000000100000010000000000010000000010000000001000000000100000000010000000001000000000100000000010000000001000000001000000000000000000010000000000101110011000000000001001111000000000000010000011000000000000110000001000000000000100000011000000000001000000010000000000010000000010000000000100000000100000000001000000000100000000010000000001000000001100000000000000000000000000000000000
0000000000000000000000000011110000000000000000100010000000000000010000010000000000000100000100000000000001000001000000000000110000010000000000001000001100000000000010000010000000000000100001000000000000001011100000000000000010001100000000000000100001000000000000001000001000000000000010000011000000000000100000010000000000001000000110000000000010000000100000000000100000000100000000000000000000000000
0000000001110000000000000001110011000000000000100000001000000000011000000010000000000100000000100000000001000000001000000000010000000010000000000100000001000000000001000000010000000000010000001000000000000101111100000000000001000110000000000000010000110000000000000100000010000000000001000000110000000000010000000100000000000100000000100000000001000000001100000000010000000001000000000000000000000000
0000000001111000000000000001100011000000000000100000011000000000011000000010000000000100000000100000000001000000010000000000010000000100000000000100000001000000000011000000100000000000100100110000000000001001110000000000000010000111000000000000100000010000000000001000000010000000000010000000010000000000100000000100000000001000000000100000000010000000001000000000000000000000000000000000000000000000
0000000001111000000000000001100001100000000000010000001000000000001100000010000000000010000000100000000001100000001000000000010000000010000000000100000000100000000001000000110000000000010000111000000000000100111000000000000001000011000000000000010000010000000000000100000010000000000001000000110000000000010000000100000000000100000001100000000001000000001100000000000000000001000000000000000000000000
0000000000000000000000000000111110000000000000011000110000000000001000000100000000000110000000100000000001000000001000000000010000000010000000000100000001000000000001000000010000000000010000011100000000000101111100000000000001000110000000000000010000110000000000000100000100000000000001000000100000000000010000000100000000000100000001100000000001000000001000000000000000000001000000000000000000000000
0000000111111000000000000001000011000000000000100000010000000000011000000100000000000100000001000000000001000000010000000000010000001100000000000100000110000000000011000011000000000000101111000000000000001000001100000000000011000001100000000000010000000100000000000100000000100000000001000000001100000000010000000001100000000100000000001000000001000000000001000000000000000000000000000000000000000000
0000000111110000000000000001000010000000000000110000110000000000001000000100000000000010000001000000000001000000010000000000010000000100000000000100000011000000000001000001100000000000010111100000000000000100011000000000000001000011000000000000000000011000000000000100000010000000000001000000010000000000010000000110000000000100000000110000000001000000000100000000000000000001100000000000000000000000
0000001111100000000000000010000110000000000001000000110000000000010000000100000000000100000001000000000001000000010000000000010000000100000000000100000001000000000001000000110000000000010000001000000000000101111100000000000001011110000000000000010000010000000000000100000010000000000001000000100000000000010000000100000000000100000001100000000011000000001000000000000000000000000000000000000000000000
0000000011000000000000000011001100000000000001100001100000000000010000001000000000000100000010000000000010000000100000000000100000001000000000001000000010000000000010000000100000000000111110010000000000001110111100000000000010111011000000000000100000010000000000001000000010000000000010000000010000000000100000000010000000001000000000110000000010000000000000000000000000000000000000000000000000000000
0000000001100000000000000001111100000000000000110001100000000000001000001000000000000110000011000000000001000000010000000000010000000100000000000100000001000000000001000000110000000000010000011000000000000101111100000000000001011110000000000000010000110000000000000100000100000000000001000000100000000000010000000100000000000100000001100000000001000000000000000000010000000000000000000000000000000000
0000000000000000000000000000111110000000000000010000100000000000001000000100000000000010000001000000000001000000010000000000010000000100000000000100000001000000000001000000100000000000010000011000000000000101111000000000000001000011000000000000010000011000000000000100000010000000000001000000010000000000010000000010000000000100000000110000000011000000000000000000000000000000000000000000000000000000
0000000000111000000000000000010011000000000000011000010000000000000100000010000000000010000000100000000000100000001000000000001000000011000000000100000000110000000001000000001000000000010000000010000000000100111111000000000001001100000000000000000000100000000000000100001000000000000001000001000000000000000000001000000000000100000011000000000001000000010000000000110000000100000000000000000000000000
0000000001110000000000000000100010000000000000010000110000000000001100000100000000000010000001000000000000100000010000000000001000000100000000000110000001000000000001000000110000000000010111110000000000000100110000000000000001000100000000000000010000100000000000000100001100000000000001000001100000000000010000001000000000000100000001100000000001000000000000000000000000000000000000000000000000000000
0000000000110000000000000000110110000000000000010000010000000000001000000100000000000010000001000000000001100000010000000000010000000100000000000100000011000000000001000001100000000000010101110000000000000101110000000000000001000110000000000000010000010000000000000100000010000000000001000000110000000000010000000110000000000100000000100000000001000000000000000000000000000000000000000000000000000000
0000000000000000000000000001111110000000000000110000110000000000001000000100000000000010000001000000000001000000010000000000010000001000000000000100000110000000000001000111000000000000010011000000000000000100010000000000000001000011000000000000010000010000000000000100000010000000000001000000100000000000010000000100000000000100000001100000000000000000000000000000000000000000000000000000000000000000
0000000000000000000000000000011111000000000000011100011000000000000100000010000000000001000000100000000000000000001000000000001000000010000000000010000000100000000000100000001000000000001000000010000000000010000001000000000000101111100000000000001001000000000000000010001100000000000000100001000000000000001000001000000000000010000011000000000000100000010000000000000000000100000000000000000000000000
0000000000000000000000000000011110000000000000001100110000000000000100000100000000000011000001100000000000100000001000000000001000000010000000000010000000100000000001000000011000000000010000001000000000000101111100000000000001000110000000000000010000100000000000000100000100000000000001000000100000000000010000001100000000000100000001000000000001000000011000000000000000000000000000000000000000000000
0000000000000000000000000000011100000000000000011001100000000000001000001000000000000010000010000000000000100000010000000000001000001000000000000110000010000000000001000001100000000000010111110000000000000100110000000000000001000010000000000000010000100000000000000100000100000000000001000001000000000000010000001000000000000000000011000000000000000000010000000000000000000000000000000000000000000000
0000000000000000000000000000011100000000000000001101100000000000000110000100000000000011000001000000000000100000010000000000001000000100000000000110000001000000000001000000010000000000010000001100000000000100000110000000000001011110000000000000010001100000000000000100001000000000000001000001000000000000010000010000000000000100000010000000000001000000010000000000000000000100000000000000000000000000
0000000001110000000000000001100110000000000000010000100000000000001000000100000000000010000001000000000000100000010000000000001000000100000000000100000001000000000001000000010000000000010000001000000000000111111100000000000001001100000000000000010000100000000000000100000100000000000001000000100000000000010000001000000000000100000001000000000001000000000000000000000000000000000000000000000000000000
0000000000000000000000000000011110000000000000001000110000000000000100000100000000000011000001000000000000100000010000000000001000000100000000000010000001000000000000100000100000000000001011110000000000000010010000000000000000100110000000000000001000010000000000000100000100000000000001000001100000000000010000001000000000000100000010000000000000000000000000000000000000000000000000000000000000000000
0000000000000000000000000000000000000000000000000001110000000000000001100110000000000001100000100000000000010000001000000000001000000010000000000010000000100000000000100000001000000000001000000100000000000010011110000000000000100010000000000000001000010000000000000110000010000000000001000000100000000000010000001000000000000100000001000000000000000000010000000000000000000000000000000000000000000000