0000000000000000000001000000000000000100010000000000000001000100000000000000010001000000000000000100010000000000000001000100000000000000100001000000000000001000010000000000000010000100000000000000100001100000000000000000001000000000000010000010000000000000100000100000001000010000000100000010001100000001000001100010000000001000110101100000000011111000110000000000000000000000000000000000000000000000
0000000000000000000000000000000000000000001000000000000100000000000000000001000000100000000000010000000000000000000100000010000000000001000000100000000000010000001000000000000100000010000000000000000000100000000000010000000100000000000100000001000000000001000000010000000000100000000100000100001000000001000001000000000000010000011000100000000010000111010000000000011110011100000000000001000000000000
0000000000000000000000000000000000000000000000000000000110000001000000000000100000010000000000001000000100000000000010000001000000000000100000010000000000001000000100000000000100000001000000000000000000010000000000010000000100000000000100000001000000100001000000010000001000010000000110000010000100000000100000100010000000001000011000100000000001011101110000000000011100000000000000000000000000000000
0000000000000000000000010000000000110000001000000000000100000010000000000001000000100000000000010000001000000000000100000010000000000001000000100000000000010000001000000000000100000010000000000001000000100000000000000000000100000000000100000001000000000001000000010000001000100000000010000010001000000000100001100010000000001100011001000000000001101111110000000000001110000000000000000000000000000000
0001000000000000100000010000000000001000000100000000000010000001000000000000100000010000000000001000000100000000000010000001000000000000000000010000000000001000000100000000000010000001000000000000100000010000000000001000000100000010000100000001000000100001000000010000001000010000000100000110001000000001000001100010000000001000111000100000000010011011010000000000011000011000000000000000000000000000
0000000000000000000000001000000000000100000110000000000001000001000000000000010000010000000000001100000100000000000000000001000000000000100000010000000000001000000100000000000010000001000000000000100000010000000000010000000100000000000100000001000001100001000000010000010000100000000100000100001000000001100011000010000000001000111001000000000011010011110000000000011100000000000000000000000000000000
0000000000000000000000001000000000001000000010000000000001000000100000000000010000001000000000000100000000000000000010000001000000000000100000010000000000001000000000000000000010000001000000000000100000010000000000010000000100000010000100000001000000100001000000010000001000010000000100000110001000000001000001000010000000010000111001000000000011111011110000000000011000000000000000000000000000000000
0000000000000000000000001000000000000110000100000000000000100001000000000000010000010000000000000000000100000000000001000001000000000000010000010000000000000100000100000000000000000001000000000000010000010000000000001000000100000000000000000001000000010000100000010000000100001000000100000011000010000001000000100001000000010000001000110000000100000110001000000001100111100100000000001111001111000000
0000000000000000001000001000000000000010000100000000000000100000000000000000001000010000000000000100000100000000000000000001000000000000010000000000000000000100000100000000000001000001000000000000100000011000000000000000000010000010000010000000100000100000100000001000011000010000000010000110000100000000100001100010000000001000101001100000000010001011110000000000011100000000000000000000000000000000
0000000000000000000000001000000000000000000010000000000000000000100000000000000000001000000000000001000100000000000000000001000000000000000100010000000000000001000100000000000000100001000000000000001000100000000000000000001000000000000001000010000000001000010000100000000110000000000100000001000001000001000000010000100000010000011100001000000010001101000100000000110100010011000000000110000111100000
0000000000000000001000001000000000000010000100000000000000100001000000000000001000010000000000000010000100000000000001000001000000000000010000100000000000001000001000000000000010000010000000000000100000100000001100001000000000000011000100000010000000100001000000100000011000000000000000000100001000000010000001000010000000010000111001000000000110010011100000000000111000011000000000000000000000000000
0000000000000000000000010000000000000100000100000000000000000001000000000000010000010000000000000000000100000000000001000000000000000000100000010000000000001000000100000000000000000001000000000000100000010000001100001000000100000011000100000000000000100001000000001000001000000000000010000010000100000000100000100010000000000100011000100000000001000111010000000000001110001100000000000000000000000000
0010000000000000000000100000000000001000001000000000000010000010000000000000100000100000000000001000001000000000000010000010000000000000100000100000000000010000001000000000000100000010000000000001000000100000100000010000001000001000001000000010000010000010000000100000100001000000001000001000010000000001000101000100000000010001010010000000000111100011100000000000010000000000000000000000000000000000
0000000000000000001000010000000000000010000000000000000001100001000000000000010000010000000000000000000100000000000001000000000000000000010000010000000000000100000000000000000001000001000000000000100000100000000000001000001000000000000010000001000000000000100000000000100000010000000100001000000100000001000110000010000000010001110000100000000010100100110000000000111000111000000000000000000000000000
0000000000000000001000100000000000000010001000000000000000000010000000000000010000100000000000000000001000000000000001000010000000000000010000000000000000000100001000000000000010000010000000000000000000100000000000001000001000000000000000000010000000100000100000100000001000001000000100000010000100000001000001100001000000010000111000100000000110011010011000000000111100011100000000000000000000000000
0000000000000000000000010000000000000010001100000000000000100010000000000000001000100000000000000010001000000000000000100010000000000000000000000000000000000100010000000000000001000100000000000000010001000000000000000100000000000010000010000010000001100000000000100000010000010000001000001100001000000010000011000010000000010001010001000000000110110011100000000000111000000000000000000000000000000000
0000000000000000000000010000000000000000000100000000000001000011000000000000010000100000000000000100001000000000000001000010000000000000010000100000000000000100001000000000000010000000000000000000000000100000000000001000001000000010000010000000000000100000100000100000001000000000001000000110000010000010000001000001000000010000010000010000000100001010001000000000100100111100000000000110000000000000
0000000000000000010000010000000000000100000100000000000001000001000000000000010000010000000000000000000100000000000001000001000000000000010000100000000000000100000000000000000010000010000000000000100000100000000000000000001000000010000010000010000000100000000000100000001000001000000100000010000010000001000000100001000000010000011000010000000100001001101000000000100110001110000000001111000000000000
0000000000000000100000001000000000001000000110000000000010000001000000000000100000010000000000001000000100000000000000000001000000000000100000010000000000001000000100000000000010000001000000000000000000010000001000010000000100000010000000000001000001100011000000010000011000100000000100000100001000000001000011000100000000010000101001000000000010010011100000000000111000000000000000000000000000000000
0001000000000000100000010000000000001000000100000000000010000001000000000000100000010000000000001000000100000000000000000010000000000000000000100000000000001000000000000000000010000010000000000000100000100000000000001000001000000000000010000001000000010000100000000000000100010000000100000001000100000001000000010010000000001000001100100000000010000100111000000000010001000000000000000111100000000000
0000000000000000000000010000000000000000000100000000000000000001000000000000001000010000000000000010001000000000000001000010000000000000010000000000000000000000001000000000000001000010000000000000010000100000000000000100000000000000000001000010000000100000000000100000001000001000000100000100000010000001000001000001000000010000110000110000000110010110001000000000111100111100000000000110000000000000
0000000000000000000000000000000000000000000100000000000000000001000000000000000100110000000000000001001000000000000000010010000000000000000100100000000000000011001000000000000000100000000000000000001001000000000000000100010000000000000001000010000000000000010000100000001000000100001000000010000010000010000001000000100000100000010000001000000100001100001100000001001101101110000000001100001110000000
0000000000000000010000000000000000000100001100000000000001000010000000000000000000100000000000000100001000000000000001000000000000000000010000100000000000000000001000000000000001000010000000000000100000100000000000001000000000000110000010000010000001100000100000100000011000010000000100000100000100000001000001000010000000010000111001000000000010011011110000000000111100011000000000000000000000000000
0000000000000000001000100000000000000010001000000000000001000010000000000000010000100000000000000000001000000000000001000010000000000000010000100000000000001000001000000000000010000000000000000000000000100000000000001000001100000000000000000001000000100000100000010000001000011000000000000010000100000000100000100001000000001000011000100000000001111001011000000000000000001000000000000000000000000000
0000000000000000010000010000000000000100001100000000000010000010000000000000100000100000000000001000001000000000000010000100000000000000100001000000000000000000010000000000000010000100000000000001000001000000000000010000010000000000000100000100000001000010000001000000010000100000000000000100001000000010000011000100000000100000110001000000001000010100100000000001001100110000000000011100000000000000
0001000000000000000000010000000000000001000100000000000000010010000000000000001000100000000000000010001000000000000000100010000000000000001001000000000000000010010000000000000001000100000000000000010001000000000000001100010000000010000010000100000001100000100000100000011000010000001000000100000100000010000011000011000000100000110000100000000110110110011000000000110000111100000000000000000000000000
0000000000000000000000110000000000000110001000000000000000100010000000000000011001000000000000000100010000000000000001000100000000000000010001000000000000000100100000000000000001001000000000000000010000000000000000000100100000000001000000001000000000110000100010000000001000001000010000000010000100000100000001100011000000100000111001100000001100010011110000000001111000000000000000000000000000000000
0000000000000000000000010000000000001000000100000000000010000011000000000000100000100000000000001000001000000000000010000010000000000000100000100000000000001000001000000000000010000010000000000000100000100000000000010000001000000010000100000011000000100001000000010000001000100000000110000010001000000000100001110110000000001100010111000000000001111000000000000000001100000000000000000000000000000000
0000000000000000000000000000000000001100000010000000000001000000100000000000010000010000000000000100000100000000000001000001000000000000000000010000000000000100000100000000000001000001000000000000100000000000000000001000000010000000000000000000100000100001100000001000001000010000000010000010000100000000010000100010000000000110011000100000000000111101010000000000000000001100000000000000000000000000
0000000000000000001000010000000000000010000100000000000000100001000000000000001000010000000000000000000100000000000000100001000000000000001000000000000000000000000100000000000000000001000000000000000000010000000100000010000000000001000001000000100000010000010000001000001100000100000010000001000001000000100000110000010000001000001100001000000011000101100110000000010010001110000000000011000000000000
0000000000000000000000100000000000000010001000000000000000100010000000000000001000100000000000000010001000000000000000100010000000000000001000000000000000000010001000000000000000100010000000000000001000100000000000000010000100000000000000100001000000000000001000010000001000000110000100000010000001000001000001100000010000001000011000001000000010000110000010000000110001110011000000000111100011100000
0010000000000000000000100000000000000010001000000000000000100010000000000000001000100000000000000010001000000000000000100010000000000000001000100000000000000010001000000000000000100010000000000000010000100000000000000100001100000000000001000001000001100000010000010000011000000100000110000110000011000000100001100000100000001100011000010000000001111101111000000000001000000000000000000000000000000000
0000000000000000000000100000000000000000001000000000000001000010000000000000010000100000000000000100001000000000000001000000000000000000010000100000000000000100001000000000000001000010000000000000010000100000000000000100001000000000000001000001000001000000010000010000010000001000000100000100000010000000100001000001100000001100110000110000000001110110011000000000000000111100000000000000000000000000
0000000000000000000100100000000000000001001000000000000000010010000000000000000101000000000000000001010000000000000000010100000000000000001000000000000000000010001000000000000000100010000000000000001000100000000000000010001000000010000000100001000001100000010000010000011000000100000100000100000001000001100001100000100000001100111000011000000001111010001100000000000000011110000000000000000000000000
0100000000000000000101000000000000000001010000000000000000010100000000000000000101000000000000000001010000000000000000010100000000000000000100100000000000000001001000000000000000010010000000000000000100000000001000000010001000000010000000100010000000100000001000010000001000000010000100000010000000100001000000110000011000001000010100000100000011001101100010000000001110001111000000000000000000000000
0000000000000000001001000000000000000010010000000000000000100100000000000000001001000000000000000010010000000000000000100100000000000000001001000000000000000010010000000000000001100100000000000000010001000000001100000100010000000011000001000100000000100000010001100000001100001100001000000111000010000010000001010000100000110000110110010000000100001000111000000000111100000000000000000000000000000000
0100000000000000000101000000000000000001010000000000000000010100000000000000000101000000000000000001010000000000000000100100000000000000001001000000000000000000010000000000000000100010000000000000001000100000000000000000001000000001000000100010000000010000001000100000001100000010000100000011000001000001000000110000010000001000001100000100000010000010100110000000010001001111000000000011100000000000
0000000000000000000001000000000000001100010000000000000001000100000000000000010001000000000000000100010000000000000001000100000000000000010001000000000000000100010000000000000001000000000000000000000001000000000000001000001000000010000010000010000000110000100000100000001000000000001000000110000100000010000001100001000000010000101000100000000110011001101000000000111100001100000000000000000000000000
0000000000000000000001000000000000000000010000000000000000000100000000000000010001000000000000000100010000000000000001000100000000000000010001000000000000000100010000000000000011000100000000000000100001000000000000001000001000000000000010000010000000000000100000100000010000001000001000000100000100000001000001000001000000011000110000110000000011111110001000000000001000111100000000000000000000000000
0000000000000000000001000000000000000000010000000000000010000100000000000000100001000000000000001000010000000000000001000100000000000000010001000000000000000100010000000000000001000100000000000000000001100000000000001000001000000000000010000010000001000000100000010000010000001000000110001100000100000000100011000001000000001101110000100000000000110110110000000000000000111000000000000000000000000000
0000000000000000001001000000000000000010010000000000000000100100000000000000001001000000000000000010010000000000000000100100000000000000001001000000000000000010010000000000000000100100000000000000010001000000000000000100001000000000000001000010000000010000010000100000000100000100001100000011000010000001000000110000100000011000010100010000000011111101011000000000001100011100000000000000000000000000
0100000000000000001011000000000000000010100000000000000000101000000000000000001010000000000000000010100000000000000000101000000000000000001010000000000000000100100000000000000001001000000000000000010010000000000000000100100000011000000010000100000110000000000001000001100000010000001000011000000100000010000101000011000000110010011001100000000111100011100000000000000000000000000000000000000000000000
0000000000000000000010000000000000000010100000000000000000100100000000000000001001000000000000000010010000000000000000100100000000000000001000000000000000000100010000000000000001000100000000000000010001000000001000000100010000000010000001000100000000100000010000100000001000000100001000000010000010000010000001100000100000010000011000010000000110001011000100000000111110011110000000000000000000000000
0000000000000000001011000000000000000010010000000000000000100100000000000000001001000000000000000000010000000000000000100100000000000000001000000000000000000010100000000000000000101000000000000000001000000000000000000010010000000000000000100100000000100000010001000000001000000100010000000110000011000010000001100000100000100000101000011000001110010001111100000000011000000000000000000000000000000000
0000000000000000000110000000000000000001100000000000000000011000000000000000001010000000000000000010100000000000000000101000000000000000000010000000000000000010100000000000000000101000000000000000001001000000000000000000010000000000000000100100000000100000010000100000011000000100001000000100000010000010000011000000100000010000110000010000000100010010001000000000111000011100000000000000000000000000
0100000000000000000011000000000000000010100000000000000000101000000000000000001010000000000000000010100000000000000000101000000000000000001000000000000000000010100000000000000000100100000000000000001001000000000000000010010000000010000001000010000001100000010000100000010000000100001100000100000010000001000011000001000000011011010000100000000011100110011000000000000000011100000000000000000000000000
1000000000000000000010000000000000000000100000000000000000101000000000000000001010000000000000000010100000000000000000101000000000000000001010000000000000000010100000000000000000101000000000000000001010000000010000000010100000000100000000100100000001000000010001000000010000000100010000000100000001000100000010100000100000100001001100110000001100100001111000000001111000000000000000000000000000000000
1000000000000000000010000000000000000001100000000000000000011000000000000000000110000000000000000001100000000000000000011000000000000000000110000000000000000001000000000000000000011000000000000000001010000000000000000010100000000011000000101000000000110000001001000000001100000100010000000010000001000100000011100000010001100000101000001100001000010011000110000001111000011011000000000000000001100000
0000000000000000000001000000000000000001010000000000000000010100000000000000000101000000000000000001010000000000000000010100000000000000000101000000000000000001010000000000000000010100000000000000000101000000000000000000010000000000000000010100000000100000000101000000001000000011010000000010000000100110000001100000001000100000011000000100001000001011000110000001111100011111000000000000000001000000
0000000000000000000000000000000000000100010000000000000001000100000000000000001001000000000000000010010000000000000000100100000000000000001001000000000000000010010000000000000000100100000000000000000001000000000000000100010000000000000001000100000010000000010000100000100000000100001000001100000010000010000011000000100000010001001000011000000010010011101100000000111100001100000000000000000000000000
0000000000000000000001000000000000001000010000000000000010000100000000000000110001000000000000000100010000000000000001000100000000000000010000000000000000000100010000000000000001000100000000000000010001000000000000000100010000000000000001000010000001000000100000000000010000001000001000000100000010000010000011000001100000100000111000010000000110011011001000000000111000011100000000000000000000000000
0100000000000000000101000000000000000001100000000000000000011000000000000000000110000000000000000001100000000000000000011000000000000000001010000000000000000010100000000000000000101000000000000000001000000000011000000010100000000110000001100100000001100000000001000000011000000100010000000110000010000010000001100000100000100000101000010000000100010001101000000001111000000100000000000000000000000000
0110000000000000011001000000000000000110010000000000000001000100000000000000010001000000000000000100010000000000000010000000000000000000100001000000000000001000010000000000000000000100000000000000100000000000000000001000010000000100000000000100000011000000100000000000110000010000001000001000001000000010000110000010000000110011100000100000000111100100010000000000110001100100000000000000001110000000
0000000000000000000001000000000000000001010000000000000000010100000000000000000101000000000000000001010000000000000000000100000000000000001001000000000000000010010000000000000000100100000000000000001001000000001000000010010000000010000000100100000001100000010001000000011000001100011000000110000010000010000001100001000000100001101000100000000100110011011000000001110000001100000000000000000000000000
0100000000000000000101100000000000000001010000000000000000010100000000000000000101000000000000000001010000000000000000010100000000000000000100000000000000000001010000000001000000010100000000010000000001000000001100000010001000000011000000100010000000100000001000100000001000000010001000000110000001000011000010010000100000010001100110110000000111110000110000000000000000000000000000000000000000000000
0100000000000000000101000000000000000001010000000000000000010100000000000000000101000000000000000001010000000000000000010100000000000000000100000000000000000001010000000000000000010100000000000000000001000000001000000010010000000011000000100100000000110000011001000000001100000100011000000010000010000010000000110000100000100000010100010000000100011001001100000001111100001110000000000000000000000000
0000000000000000000100000000000000000001010000000000000000010100000000000000000101000000000000000000010000000000000000010100000000000000000101000000000000000001010000000000000000010000000000000000000001000000000000000001010000000001000000100100000000010000001001000000000100000110010000000001000001000100000000110000100000100000011100011000001000001101101100000001011100001110000000001100000000000000
0000000000000000000000000000000000000110100000000000000000101000000000000000001010000000000000000010100000000000000000011000000000000000000110000000000000000001010000000000000000010100000000000000000011000000000000000001010000000000000000010100000000010000000101000000001100000010010000000010000000100100000000100000001000100000010100000100001000001001000011000001000110001111100000011111000000000000
0000000000000000000001000000000000000000010000000000000000000100000000000000001001000000000000000010010000000000000000100100000000000000001001000000000000000010010000000000000000100100000000000000010000100000011000000100001000000110000001000010000001000000110000110000010000001000000100001100000110000000100110100001000000001111001000100000000000000001110000000000000000000000000000000000000000000000
0000000000000000000001000000000000000100010000000000000001000100000000000000010001000000000000000100010000000000000010000100000000000000100001000000000000001000010000000000000100000100000000000000000001000000001100010000010000000011000100000100000000110001000001000000001100010000000000000110000000000010000001100001000000100000010000100000000110011110011000000000111100100100000000000000001110000000
0100000000000000000000100000000000000010001000000000000000100010000000000000001000000000000000000100010000000000000001000100000000000000010001000000000000000100010000000000000010000010000000110000100000100000001100001000001000000011000010000010000000110000100000100000000100001000000100000011000010000001000000100001000000011000001000100000000010000110001000000000011111111100000000000000000000000000
0000000000000000000001000000000000000010010000000000000000100000000000000000001010000000000000000010100000000000000000101000000000000000001001000000000000000010010000000000000000100100000000000000010001000000000000000100010000000000000001000100000000000000110000100000001000001000001000000010000010000010000000100001000000010000011000110000000110001110011000000000111110111100000000000000000000000000
0000000000000000000001000000000000000000010000000000000000100100000000000000001001000000000000000010010000000000000000100100000000000000001001000000000000000010010000000000000000100100000000000000001001000000000000000100010000000000000001000100000000000000010001000000110000000100011000001100000010000010000011000000100000100000110000001000000100010110000110000001111000111111000000000000000000000000
0000000000000000000000000000000000000010010000000000000000100100000000000000001001000000000000000010010000000000000000100100000000000000010001000000000000000100000000000000000001000100000000000000010001000000000000000100010000000000000001000010000000010000010000100000000100000000001000000011000010000010000000110000100000100000001100010000000100000110001100000000111111100110000000000000001110000000
0000000000000000000000000000000000000000010000000000000001100100000000000000001001000000000000000010010000000000000000001000000000000000010010000000000000000100100000000000000001000100000000000000010001000000000000000100010000000000000010000100000001000001100000100000010000010000001000000100000100000001000011000010000000011101110001100000000001110110100000000000000000110000000000000000000000000000
0000000000000000000010000000000000000000100000000000000000011000000000000000000110000000000000000001100000000000000000010000000000000000000101000000000000000010010000000000000000100100000000000000001001000000000000000010010000000110000000100010000001100000001000100000010000000100001000000100000001000011000011000000100000010001110000011000000011110010001100000000000000111110000000000000000000000000
0000000000000000000000000000000000000001010000000000000000010100000000000000000110000000000000000001100000000000000000011000000000000000000101000000000000000001010000000000000000110100000000000000000000000000000000000010010000000000000001000100000000100000010000100000011000001000001000000110000110000010000001100011000000110000111000100000000100011010010000000000111000011000000000000000000000000000
0000000000000000000010000000000000000010100000000000000000101000000000000000001010000000000000000010100000000000000000101000000000000000010000000000000000000100010000000000000001000100000000000000100001000000000000001000010000000000000010000100000001000000100000100000010000010000001000000100000100000011000111000001000000010001010000100000000011100110011000000000010000110100000000000000000110000000
0000000000000000000000000000000000000000000000000000000000011000000000000000000110000000000000000001100000000000000000011000000000000000001010000000000000000010000000000000000000100100000000000000001001000000000000000100010000000000000001000000000001000000110000100000010000001000001000000100000100000010000011100001000000010000101100100000000100010001110000000000111100000000000000000000000000000000
0000000000000000000000000000000000000001010000000000000000010100000000000000000101000000000000000001000000000000000000010100000000000000000101000000000000000010000000000000000000100100000000000000001001000000001100000010010000000010000001000100000000100000010000100000011000001000001000000110000010000001000110100001000000011011000101100000000011000000110000000000000000000000000000000000000000000000
0000000000000000000000000000000000000000100000000000000000101000000000000000001010000000000000000010100000000000000000101000000000000000010010000000000000000100100000000000000001001000000000000000010010000000000000001100010000000000000010000100000001000000100001000000010000010000001000001100001100000010000110000010000000011110100001000000000000001000110000000000000001111000000000000000000000000000
0000000000000000000000000000000000000000010000000000000000000100000000000000010001000000000000000100010000000000000001000100000000000000010001000000000000000100010000000000000001000000000000000000010001000000010000001000010000000100000010000000000001000001000001000000110000010000001000001100001000000010000101000010000000010010011001000000000011100011110000000000000000000000000000000000000000000000
0000000000000000000110000000000000000001100000000000000000011000000000000000000110000000000000000001100000000000000000011000000000000000000110000000000000000001010000000000000000010100000000000000001001000000000000000010010000001000000000100010000010000000010000100000100000001100000100011100000110000001111101000011000000000110010001100000000000000011110000000000000000000000000000000000000000000000
0000000000000000000001000000000000000000000000000000000000010100000000000000000101000000000000000001110000000000000000011000000000000000000110000000000000000001100000000000000000101000000000000000001010000000000000000010100000000000000001001000000000010000010001000000000100001000010000000001000010000110000000110000100000100000010100010000001100011001101000000000111100001110000000000000000000000000
0000000000000000000011000000000000000000110000000000000000001000000000000000000010000000000000000000100000000000000000000000000000000000000010000000000000000001100000000000000000011000000000000000000110000000000000000001010000000000000000100100000001000000001001000000010000000110010000000100000001000110000011000000110000100001110000001000001000110010001100000001111000011110000000001100000000000000
0000000000000000000001000000000000000000100000000000000000101000000000000000000010000000000000000001100000000000000000011000000000000000000110000000000000000001010000000000000000010100000000000000000101000000000100000001010000000011000000100100000000110000011000100000001000001100001000000010000010000010000001100001100000010000101100110000000100010001011000000000111100001100000000000000000000000000
0000000000000000000001000000000000000000010000000000000001000100000000000000010001000000000000000100010000000000000000100100000000000000001001000000000000000010010000000000000000100100000000000000001001000000000000000100010000000000000001000100000001100000010001100000011000001100001000000100000010000010000001000000100000010000110000010000000110110110001100000000111000111110000000000000000000000000
0000000000000000000001000000000000000010010000000000000000100100000000000000001001000000000000000010010000000000000000100100000000000000000101000000000000000001010000000000000000010100000000000000000101000000010000000010010000000110000000100100000001000000001000100000010000000010001000000100000001100010000001000000010000100000111000001100000110010010000110000000111000111111000000000000000011000000
0000000000000000000000100000000000000100001000000000000001000100000000000000010001000000000000000100010000000000000000100100000000000000001001000000000000000010010000000000000000100100000000000000001001000000000000000010010000000010000001000110000000100000010000100000001000000100001000000010000001000010000001100000110000010000011000001000000100000101000110000000110110011110000000000110000000000000
0000000000000000000000000000000000000010001100000000000000100010000000000000001000100000000000000010001000000000000000100010000000000000000000100000000000000010001000000000000000100010000000000000001000100000000000000010001000000000000000100010000000100000001000100000001000000010001000000110000001100010000001100000010000100000011000001100001100001010000010000001101110110011000000001110000111000000
0000000000000000000001000000000000000110010000000000000000100100000000000000001011000000000000000010100000000000000000101000000000000000001010000000000000000010100000000000000000101000000000000000001010000000001000000010100000000010000000101100000000100000011001000000001000000100011000000010000001000010000001100000100000100000011000011000001100001111001100000000100110011100000000000111000000000000
0000000000000000000000100000000000010000001000000000000110000110000000000000100001000000000000000100010000000000000001000000000000000000010001000000000000000100010000000000000001100100000000000000001001000000000000000010010000000010000000100100000001100000011001000000011000000100010000000110000001000010000011100000010000100000101000001000001100110001111110000001111000001100000000000000000000000000
0000000000000000000001000000000000000001010000000000000000010100000000000000000101000000000000000001010000000000000000100100000000000000001001000000000000000010010000000000000000100100000000010000001001000000001100000010010000000010000000100100000000100000001001100000001100000010001000000101000001000010000001010000010000110000100110001000000110010000111110000000111000000000000000000000000000000000
0000000000000000000000000000000000000001010000000000000000110100000000000000001001000000000000000010010000000000000000100100000000000000001001000000000000000010110000000000000000100000000000000000001011000000000000000010010000000000000000100000000000010000001001000000001100000100001000000010000001000010000001100000010000100000111000000100000010011001000010000000111000011111100000000000000000000000
0000000000000000000000000000000000000000010000000000000000101100000000000000001010000000000000000010100000000000000000101000000000000000001010000000000000000110100000000000000001001000000000000000000010000000001000000100100000000010000011001000000001100000100011000000010000001000010000000100000100000100000011000001000001000000110000110000001000010010001000000011111100111100000000000000000000000000
0000000000000000000010000000000000000000100000000000000000101000000000000000001010000000000000000010100000000000000000101000000000000000001010000000000000000010100000000000000000101000000000000000001010000000000000000010100000000000000000101000000001000000010001000000010000000100010000000100000011000100000011000000100000100000111000001000001000011010000010000001001100011011000000001100000011100000
0000000000000000000000000000000000000000100000000000000000000000000000000000000110000000000000000001100000000000000000011000000000000000000110000000000000000001100000000000000000011000000000000000000110000000000000000001100000000000000000100100000000100000001001000000001000000010010000000010000001100010000001100000010000110000101000001100000110111011111100000000111000001100000000000000000000000000
0000000000000000000000000000000000000000100000000000000000001000000000000000000110000000000000000001100000000000000000011000000000000000000110000000000000000001100000000000000000011000000000000000000110000000000000000001110000000000000000100100000000100000001001000000001000000110010000000010000001000010000001100000100000110000011100001000000110001101100100000000111100001110000000000000000000000000
0000000000000000000000000000000000000000100000000000000000001000000000000000000010000000000000000001100000000000000000011000000000000000000110000000000000000000100000000000000000011000000000000000000110000000000000000001100000000000000000111000000000000000000011000000000100000010010000000001000000100100000000110000010000100000011100001100001000000101000010000001101110011011000000000100000011000000
0000000000000000000000000000000000000000100000000000000000101000000000000000001010000000000000000010100000000000000001101100000000000000010001000000000000000100010000000000000001000100000000000000100001000000000000001000011000000000000100000010000000100001000000100000001000010000000100000110001100000001100011100010000000001101101101100000000001110001100000000000000000000000000000000000000000000000
0000000000000000000000000000000000000010100000000000000000101000000000000000001010000000000000000010100000000000000000101000000000000000001010000000000000000010100000000000000000101000000000000000001010000000000000000010100000000100000001001000000001000000010010000000010000001100110000000110000010000100000010100000100001100001101000010000001100110001001100000001111000011110000000000000000000000000
0000000000000000000010000000000000000010100000000000000000101000000000000000001001000000000000000010010000000000000000100100000000000000001000000000000000000100010000000000000001000100000000000000010001000000001000001100001000000010000010000010000000100000100000100000011000011000000100000110000100000001000010100010000000011001000101100000000011110001110000000000000000000000000000000000000000000000
0000000000000000000010000000000000000000100000000000000001001000000000000000011010000000000000000010100000000000000001001000000000000000010010000000000000000100100000000000000000001000000000000000010010000000000000000100110000000010000011000100000001100000100001000000011000001000011000000010000100000010000000100001000000110000010100100000000110001101111000000000111110001100000000000000000000000000
0000000000000000000010000000000000000000100000000000000000101000000000000000001010000000000000000010100000000000000000101000000000000000001010000000000000000010100000000000000001001000000000000000010010000000000000000100010000000110000011000100000001100000100001000000011000001000001000000100000100000010000001000001000000110000101000100000000110011011011000000000111000011100000000000000000000000000
0000000000000000000010000000000000000010100000000000000000101000000000000000001010000000000000000010100000000000000000101000000000000000001010000000000000000010100000000000000000101000000000000000001010000000011000000010010000000110000001100100000001100000010001000000010000001000001000000100000010000010000011000001000000010001110000100000000011110110011000000000000000111100000000000000000000000000
0000000000000000001001000000000000000010010000000000000000100100000000000000001001000000000000000010010000000000000000100100000000000000001001000000000000000010010000000000000001000100000000000000010001000000000100000100010000000001100001000100000000110000010000100000001100001100001000000011000010000010000001010000100000100000011000010000001100001100000100000001111101000010000000000000001011000000
0000000000000000000101000000000000000001010000000000000000010100000000000000000101000000000000000010100000000000000000001000000000000000001010000000000000000010100000000000000000101000000000000000000010000000000000000100010000000011000001000100000000110000110000100000001100000000001000000011000110000010000000100001000000010000011000110000000110011011011000000000111100011000000000000001000000000000
0000000000000000000001000000000000000001100000000000000000011000000000000000000110000000000000000001100000000000000000101000000000000000001010000000000000000010110000000100000000100100000001000000001001000000010000000010011000000100000000100010000001000000011000110000010000001100000100001100000110000000100111000011000000001111011001100000000000000011110000000000000000000000000000000000000000000000
0000000000000000000110000000000000000001100000000000000000011000000000000000000110000000000000000001100000000000000000011000000000000000000110000000000000000001100000000000000000011000000000110000001110000000001100000010010000000011000000100100000000110000011001000000001100001100010000000010000110000110000000100001000000100000011000100000001100001010011000000001110110011100000000000111000000000000
0000000000000000000110000000000000000001100000000000000000011000000000000000000110000000000000000001100000000000000000011000000000000000000110000000000000000001100000000000000000011000000000000000001110000000001100000010100000000011000000101000000000100000001001000000001000000010010000000010000001100100000001100000010000100000011000001100001100000010001110000000111100011100000000000000000000000000