0000000000000000000001111000011011111000000001110000000110000000000000000011000000000000000001100000000000000000110000000000000000110000000000000000001000000000000000001100000000000000000110000000000000000011000000000000000000100000000000000000010000000000000000001000000000000000000110000000000000000001000000000000000000110000000000000000011000000011111111000111111111000000000000000000000000000000
0000000000000000111000111111101110111100000000000000000010000000000000000001000000000000000000100000000000000000010000000000000000001000000000000000001100000000000000000100000000000000000011000000000000000001000000000000000000110000000000000000011000000000000000001100000000000000000010000000000000000001000000000000000000110000010111100000001111111000001111000000000000000000000000000000000000000000
0000000000000000000000011110000000000000000100011111111111110000000000000000110000000000000000010000000000000000001100000000000000000010000000000000000001000000000000000000100000000000000000011000000000000000001000000000000000000100000000000000000011000000000000000001000000000000000000010000000000000000011000000000000000001100000000000000000110000000000001000011111111111111110000000000000000000000
0000000000000000000000111101111111111111000000000000000000100000000000000000110000000000000000011000000000000000001000000000000000000100000000000000000011000000000000000000100000000000000000010000000000000000001000000000000000000100000000000000000110000000000000000001000000000000000000100000000000000000110000000000000000110000000000000000011001111111111111000111110000000000000000000000000000000000
0000000000000000000000111111111000000100000000000001111111000000000000000001100000000000000000110000000000000000000000000000000000001100000000000000000100000000000000000011000000000000000001000000000000000000100000000000000000011000000000000000001000000000000000000110000000000000000010000000000000000001100000000000000000110000000000000000011110111111101110000110000000000000000000000000000000000000
0000000000000011110000001011101111000110011110000000000001000000000000000000110000000000000000011000000000000000001000000000000000000110000000000000000001000000000000000001100000000000000000010000000000000000001000000000000000000100000000000000000110000000000000000001000000000000000000100000000000000000010000000000000000011111111111111100000110000000000000000000000000000000000000000000000000000000
0010000000000000000000111111111111111110000000000000000011000000000000000001100000000000000000100000000000000000011000000000000000001000000000000000000110000000000000000010000000000000000001100000000000000000110000000000000000001000000000000000001100000000000000000110000000000000000011000000000000000001100000000000000000110000000000000000001000000011111110000111111111000000000000000000000000000000
0000000000000000000000100000000001111110000111101111100001100000000000000000010000000000000000001000000000000000000100000000000000000010000000000000000001000000000000000000010000000000000000011000000000000000001000000000000000000100000000000000000010000000000000000001000000000000000000100000000000000000011000000000000000001100000000000000001111011111111110000000000000000000110000000000000000000000
0000000000000000000000000000000000000111001111111101111111110000000000000000010000000000000000010000000000000000001000000000000000000100000000000000000010000000000000000000100000000000000000100000000000000000011000000000000000011000000000000000000100000000000000000010000000000000000001000000000000000000100000000000000000110000000000000000011000000000011111000111111111111000000000000000000000000000
0000000000000000000011101111111111111110000000000000000011000000000000000000100000000000000000010000000000000000000000000000000000000010000000000000000011000000000000000000100000000000000000110000000000000000010000000000000000011100000000000000000100000000000000000010000000000000000001000000000000000000100000000000000000010000000000000000001100000001110111100111111111000000000000000000000000000000
0000000000000000000011111110111111111111000000000000000001100000000000000000010000000000000000011000000000000000001100000000000000000100000000000000000001000000000000000000100000000000000000011000000000000000011000000000000000001100000000000000000100000000000000000011000000000000000001100000000000000000100000000000000000010000000000000000011000000111111111100111111110000000000000000000000000000000
0000000000000000111101111111111011110001000000000000000000100000000000000000010000000000000000011000000000000000000100000000000000000010000000000000000011000000000000000000100000000000000000110000000000000000011000000000000000001000000000000000000100000000000000000010000000000000000001000000000000000000100000000000000000010000000000000000001100000000000000001111111111111111111011000000000000000000
0000000000000000000000111111111100000000000000000000111111000000000000000001100000000000000000110000000000000000001000000000000000000100000000000000000001000000000000000001100000000000000000010000000000000000001000000000000000000100000000000000000010000000000000000001100000000000000000110000000000000000010000000000000000001000000000000000000100000000000000000011111111111111110000000000000000000000
0000000000000000000000111100000000000000000000111111111111000000000000000000110000000000000000010000000000000000001000000000000000001100000000000000000010000000000000000011000000000000000000100000000000000000110000000000000000001000000000000000001100000000000000000010000000000000000001000000000000000000010000000000000000011000000000000000000100000000000000110110011111111111110111111000000000000000
0000000000000000011100000000101111111001001111010000000000110000000000000000001000000000000000001100000000000000001100000000000000001100000000000000000100000000000000000110000000000000000010000000000000000001000000000000000000100000000000000000010000000000000000001000000000000000000110000000000000000011000000000000000000100000000000000000011111111111111111000000000000000000000000000000000000000000
0000000000000000000000100000000000000000001111111010100000000000000000001111110000000000000000111000000000000000011000000000000000001000000000000000000100000000000000000100000000000000000010000000000000000001000000000000000000100000000000000000011000000000000000000100000000000000000010000000000000000001000000000000000000100000000000000000011000111101111110001111110000000000000000000000000000000000
0000000000000000000011111101111111111110000000000000000001100000000000000000100000000000000000110000000000000000010000000000000000000100000000000000000010000000000000000011000000000000000001100000000000000000010000000000000000011000000000000000001100000000000000000010000000000000000001000000000000000000100000000000000000110000000000000000001111111111111111000000000000000000000000000000000000000000
1111111011011011111100000000000000000011000000000000000001000000000000000000110000000000000000011000000000000000011000000000000000001000000000000000000100000000000000000011000000000000000001000000000000000000100000000000000000010000000000000000001100000000000000000110000000000000000001000000000000000000100000000000000000110000000000000000001000000000000000000111111111111111110000000000000000000000
0000000000000000000000111111000000001110000000001110111101000000000000000000100000000000000000100000000000000000010000000000000000001000000000000000000100000000000000000010000000000000000001000000000000000001100000000000000000110000000000000000010000000000000000000100000000000000000010000000000000000001100000000000000000110000000000000000011000011111111111000111111100000000010000000000000000000000
0000000000000000000001110000000000000000000011011011111110000000000000000001100000000000000000100000000000000000010000000000000000001100000000000000000010000000000000000001000000000000000000100000000000000000010000000000000000001000000000000000000100000000000000000010000000000000000001100000000000000000010000000000000000011000000000000000001100000000000000000111111111111111100000000000000000000000
0000000000000000000001111111101111111110000000000000000001100000000000000000110000000000000000011000000000000000001000000000000000001100000000000000000100000000000000000010000000000000000001100000000000000000100000000000000000110000000000000000011000000000000000001100000000000000000010000000000000000001100000000000000000110000000000000000001000011111110000000111111000000111100000000000000000000000
0000000000000000010001111111011101111100000000000000000011000000000000000001000000000000000000100000000000000000010000000000000000001100000000000000000010000000000000000001000000000000000000100000000000000000011000000000000000001100000000000000000100000000000000000010000000000000000001100000000000000000110000000000000000011000000000001111001111111011111110000110000000000000000000000000000000000000
0000000000000000000001000000000000000000011110111101111111110000000000000000011000000000000000011000000000000000000100000000000000000010000000000000000000100000000000000000010000000000000000001000000000000000000100000000000000000010000000000000000001000000000000000000100000000000000000010000000000000000001000000000000000001110000000000000000110000000000000000011111111110111111001100000000000000000
0000000000000000000010000000000111111111011111111100000001100000000000000000110000000000000000010000000000000000001000000000000000000100000000000000000011000000000000000000100000000000000000100000000000000000011000000000000000001000000000000000000100000000000000000010000000000000000000100000000000000000010000000000000000000100000000000000000010000000000000000011111111111111111001110000000000000000
0000000000000000000001101111111111111111000100000000000001000000000000000000100000000000000000010000000000000000001000000000000000000100000000000000000011000000000000000001000000000000000000100000000000000000011000000000000000001000000000000000000100000000000000000001000000000000000000100000000000000000010000000000000000001000000000000000001100000000000000001111111111111111110000000000000000000000
0000000000000000000000000000000000111100011111111111110001000000000000000001100000000000000000010000000000000000001000000000000000000100000000000000000011000000000000000000100000000000000000010000000000000000011000000000000000001100000000000000000110000000000000000011000000000000000001000000000000000000010000000000000000001000000000000000000100000000000000000011111000000000111000000001111111110000
0000000000000000000000110000000000000000000111111111111111100000000000000000110000000000000000011000000000000000000100000000000000000010000000000000000001000000000000000000100000000000000000011000000000000000001100000000000000000010000000000000000001000000000000000001100000000000000000010000000000000000001000000000000000000100000000000000000011000000000000000001111111111111110000000000000000000000
0000010000000000000000000111111111111111000000000000000001100000000000000000010000000000000000010000000000000000001000000000000000000100000000000000000010000000000000000000000000000000000000010000000000000000011000000000000000001000000000000000000100000000000000000011000000000000000001000000000000000001100000000000000000110000000001111111011000111111100000000011110000000000000000000000000000000000
0000000000000000000000010101111111111110001111000000000000100000000000000000010000000000000000001100000000000000000110000000000000000001000000000000000000100000000000000000110000000000000000011000000000000000001000000000000000001110000000000000000010000000000000000001000000000000000000100000000000000000010000000000000000011000000000000000001100000000000011100111011110111111001000000000000000000000
0000000000000000000000001100000000011110000001110111111111000000000000000000100000000000000000110000000000000000001000000000000000000100000000000000000010000000000000000001100000000000000001000000000000000000100000000000000000011000000000000000001000000000000000000110000000000000000001000000000000000001100000000000000000100000000000000000010000000000000011001111101111111111000000000000000000000000
0000100000000000000000001111111111111110000000000000000011000000000000000001000000000000000000100000000000000000010000000000000000000000000000000000000110000000000000000010000000000000000001000000000000000000110000000000000000010000000000000000000100000000000000000010000000000000000000100000000000000000010000000000000000001000000000000000001111111000000000000011000001010111111100000000000000000000
0000001000000011111100000011111111000010000000000000000001000000000000000001100000000000000000010000000000000000010000000000000000001000000000000000000100000000000000000010000000000000000000100000000000000001100000000000000000010000000000000000001000000000000000000100000000000000000010000000000000000001000000000000000000100000000000000000001111111111111111110000000000001000000000000000000000000000
0000000000000000000000111111111111110111000000000000000000100000000000000000010000000000000000001000000000000000001100000000000000000010000000000000000001000000000000000000100000000000000000010000000000000000011000000000000000000100000000000000000110000000000000000011000000000000000001000000000000000000110000000000000000110000000000000000110000000000000000001111111111011111111100000000000000000000
0010000000000000000000011111000011101110000000000111000001100000000000000001100000000000000000110000000000000000010000000000000000000100000000000000000110000000000000000001000000000000000001100000000000000000110000000000000000010000000000000000001100000000000000000010000000000000000001100000000000000000100000000000000000011000000000000000001000000000000000000110000000000000000011111011011111111111
0000000000000000000000111111111111111111000000000000000001100000000000000001110000000000000000100000000000000000001000000000000000001100000000000000000100000000000000000010000000000000000001000000000000000000100000000000000000010000000000000000001100000000000000000010000000000000000001000000000000000000100000000000000000010000000000000000011000000001111111110111111101100000000000000000000000000000
0000000000000000000001111111101110101110000000000000000001000000000000000000100000000000000000110000000000000000010000000000000000000000000000000000000010000000000000000001000000000000000001100000000000000000100000000000000000010000000000000000001000000000000000000110000000000000000001000000000000000000100000000000000000110000000000000000001000000000000000000111111011110111111100000000000000000000
0000000000000000000000010000000000000110000011111111111111100000000000000000100000000000000000010000000000000000001000000000000000000000000000000000000001000000000000000001100000000000000000010000000000000000001000000000000000001100000000000000000110000000000000000010000000000000000001100000000000000000110000000000000000001000000000000000001100000000000000000010000011111111111111111111000000000000
0000000000000000000000011100000000111111000000110111010000100000000000000000110000000000000000010000000000000000001100000000000000000000000000000000000001000000000000000000100000000000000000110000000000000000010000000000000000000100000000000000000010000000000000000001000000000000000000100000000000000000010000000000000000001000000000000000001110000000000000000011101101111111111100000000000000000000
0000000000000000111100011111111011110011000000000000000001000000000000000000100000000000000000010000000000000000001000000000000000000100000000000000000001000000000000000001000000000000000000110000000000000000010000000000000000001000000000000000000100000000000000000010000000000000000001000000000000000000110000000000000000110000000000000000001000000010110111111111111011000000000000000000000000000000
0000100000000000000000001110000011111111000000011011000000110000000000000000010000000000000000011000000000000000001000000000000000000100000000000000000000000000000000000000100000000000000000010000000000000000001000000000000000000100000000000000000110000000000000000001000000000000000000100000000000000000010000000000000000001000000000000000001100000011011111010111111010000000000000000000000000000000
0000000000000000000000001000001010001011000011111100011100010000000000000000001000000000000000000100000000000000000100000000000000000010000000000000000001000000000000000000100000000000000000000000000000000000001100000000000000000010000000000000000001000000000000000001000000000000000000010000000000000000011000000000000000000100000000000000000110000000000000000111111011110111011100000000000000000000
0000000000000000000000010000000001111011000111110101000001100000000000000000100000000000000000010000000000000000001000000000000000000100000000000000000100000000000000000001000000000000000000100000000000000000010000000000000000001000000000000000001000000000000000000100000000000000000010000000000000000001000000000000000001100000000000000000110000000000101111111101111111010000000000000000000000000000
0000000000000001011100001111110101100011000000000000000000100000000000000000110000000000000000010000000000000000001000000000000000000010000000000000000001000000000000000000010000000000000000010000000000000000011000000000000000001000000000000000000100000000000000000001000000000000000000100000000000000000110000000000000000100000000000000000011000000001111111111111111110100000000000000000000000000000
0000000000000000000000011011101000000000000000000000111111110000000000000000011000000000000000001000000000000000000000000000000000000001000000000000000000100000000000000000010000000000000000001000000000000000000100000000000000000010000000000000000001000000000000000000100000000000000000010000000000000000001000000000000000000100000000000000000010000000000000000011111101110111111100000000000000000000
0001111000111111111000000011110000001100000000000000000010000000000000000001000000000000000000100000000000000000010000000000000000001000000000000000000010000000000000000011000000000000000001000000000000000000100000000000000000010000000000000000001000000000000000000100000000000000000011000000000000000001100000000000000000110000000000000000011111011111111111100000000000000000001000000000000000000000
0000000000000000000000010000000000000111000011110000001111000000000010111101100000000000000000100000000000000000001000000000000000000100000000000000000010000000000000000001000000000000000000100000000000000000110000000000000000000000000000000000000100000000000000000010000000000000000001000000000000000000010000000000000000011000000000000000011011111111111111110111000000000000000000000000000000000000
0000000000000000000000000100000001111110000001111111100011000000000000000001000000000000000000010000000000000000001000000000000000000100000000000000000001000000000000000000100000000000000000010000000000000000001000000000000000001100000000000000000100000000000000000001000000000000000000100000000000000000010000000000000000001100000000000000000110000000011110000010101111111000011000111000000000000000
0000000000000000000000000110000000000000000000110000000000000000000011101111111100000000000000001000000000000000000100000000000000000010000000000000000001000000000000000000010000000000000000110000000000000000010000000000000000011000000000000000001100000000000000000110000000000000000010000000000000000001100000000011111000110001111110100010010111100000000000000110000000000000000000000000000000000000
0000000000000000001000000100000011111110000010111011000001100000000000000000010000000000000000011000000000000000000100000000000000000010000000000000000001000000000000000000100000000000000000010000000000000000001100000000000000000100000000000000000010000000000000000001000000000000000000100000000000000000010000000000000000001000000000000000000100011111111111000001111000000000000000000000000000000000
0000000000000000000000011100000011111110000000111100000001000000000000000001100000000000000000010000000000000000001000000000000000000100000000000000000010000000000000000001100000000000000000010000000000000000011000000000000000001100000000000000000100000000000000000001000000000000000000100000000000000000011000000000000000001000000001011111000110000111100000000011111110000000000000111000000000000000
0000000000000000001000000111110111111110000000000000000001100000000000000000100000000000000000110000000000000000010000000000000000001000000000000000000000000000000000000011000000000000000001000000000000000000100000000000000000110000000000000000001000000000000000000100000000000000000010000000000000000001000000000000000000100000000000000000011011110000000000000000000011111111111000000000000000000011
0000000000000000000000000011111111111111000000000000000001100000000000000000100000000000000000010000000000000000001000000000000000000100000000000000000010000000000000000001000000000000000000100000000000000000100000000000000000001000000000000000000100000000000000000010000000000000000000000000000000000000110000000000000000011000000011110000001111111111000111110000000000000000000000000000000000000000
0000000001011111111001000011000000000001011111000000000001110000000000000000110000000000000000110000000000000000010000000000000000000000000000000000000110000000000000000010000000000000000001000000000000000001100000000000000000010000000000000000001000000000000000000100000000000000000011000000000000000011001101111101100001111110000000000111000000000000000000000000000000000000000000000000000000000000
0000000000000000110000111111100001111100000000000010100110000000000000000001000000000000000001100000000000000000000000000000000000001000000000000000000100000000000000000010000000000000000001000000000000000001100000000000000000010000000000000000001000000000000000000100000000000000000010000000000000000001000000000000000000100000000000000000111111100000001111000000000111111110010000000000000000000000
0000000000000000000000110000000000000111000111111011111111100000000000000000010000000000000000001000000000000000000100000000000000000110000000000000000001000000000000000000100000000000000000010000000000000000011000000000000000001000000000000000000100000000000000000010000000000000000001000000000000000000100000000000000000010000000000000000011111100000111000000000000111110011110000000000000000000000
0011100000000111111100000111011110000010000000000000000001000000000000000000100000000000000000100000000000000000010000000000000000000000000000000000000010000000000000000011000000000000000001000000000000000000100000000000000000010000000000000000001000000000000000000100000000000000000010000000000000000001000000000000000001100000000000000000110000000000000000001111111011110111000000000000000000001111
0000000000000000000000100000000000000011000111011111011111110000000000000000010000000000000000010000000000000000000100000000000000000010000000000000000001000000000000000000100000000000000000010000000000000000001000000000000000001100000000000000000000000000000000000011000000000000000000100000000000000000010000000000000000011011111000000000011111000001111011110000000000000000000000000000000000000000
0000000000000000000000110000000000000001000111110000000111110000000011011110001000000000000000000100000000000000000010000000000000000001000000000000000000100000000000000000010000000000000000001000000000000000000100000000000000000110000000000000000110000000000000000001000000000000000000100000000000000000110000000000000000110000000000000000011111110000000000000000000011111111111000000000000000000000
0111000000000000000000111111111011111111000000000000000000110000000000000000010000000000000000001000000000000000000100000000000000000010000000000000000001000000000000000000100000000000000000100000000000000000110000000000000000011000000000000000001000000000000000000100000000000000000011000000000000000001100000000000000011100011111100000000111111100000111111010000000000000000000000000000000000000000
0000000000000000000000111100000000000000000000101101101111110000000000000000010000000000000000011000000000000000000100000000000000000010000000000000000001000000000000000000100000000000000000010000000000000000011000000000000000001100000000000000000110000000000000000011000000000000000001100000000000000000110000000000000000011000000000000000001101111111111000000111100000000001111100000000000000000000
0000000000000000000101111101111011111111000000000000000000100000000000000000010000000000000000001000000000000000000100000000000000000010000000000000000001000000000000000000100000000000000000100000000000000000011000000000000000001000000000000000000100000000000000000110000000000000000001000000000000000001100000000000000000110000000000000000111111111111110000001100000000000011111100000000000000000000
0010000000000000000000110000000000000010000111111111011111000000000000000000110000000000000000011000000000000000000100000000000000000010000000000000000000100000000000000000011000000000000000001000000000000000000100000000000000000010000000000000000001000000000000000000100000000000000000010000000000000000000100000000000000000110000000000000000110000000000000000011111111011111111011111000000000000011
0010000000000000000000111111111111111111000000000000000000100000000000000000110000000000000000001000000000000000000100000000000000000010000000000000000001000000000000000000110000000000000000011000000000000000001000000000000000001100000000000000000100000000000000000010000000000000000011000000000000000011000000000000000011100000000000000000100011111111111000001111000000000011111100000000000000000000
0000000000000000000001000000000000000000011011111111111101110000000000000000011000000000000000001000000000000000000100000000000000000010000000000000000000100000000000000000010000000000000000001000000000000000001100000000000000000110000000000000000001000000000000000000100000000000000000010000000000000000001000000000000000001100000000000000001110111110000000000111110000011111111011000000000000000000
0000000000000000111101110111111111110001000000000000000000110000000000000000110000000000000000011000000000000000001100000000000000000110000000000000000011000000000000000000100000000000000000010000000000000000001100000000000000000100000000000000000010000000000000000001000000000000000000110000000000000000010000000000000000001000000000000000001100000000000000001111111111100000000011000000000111111110
0010000000000000000000111100000000000011000001111111011111100000000000000000110000000000000000001000000000000000001100000000000000000100000000000000000001000000000000000000100000000000000000010000000000000000001000000000000000000100000000000000000110000000000000000001000000000000000001100000000000000000010000000000000000011000000000000000001100000001011110000111111111100000010100000000000000000000
0100000000000000000000111100000000000001000000111000001111110000000000110100110000000000000000010000000000000000011000000000000000000100000000000000000010000000000000000001000000000000000000100000000000000000110000000000000000001000000000000000000100000000000000000010000000000000000000100000000000000000110000000000000000011000000000000000001111111111111000000111000000000001111100000000000000000000
1111100000000000001100000111111111111011000000000000000011000000000000000000100000000000000000110000000000000000010000000000000000001100000000000000000100000000000000000011000000000000000001000000000000000000100000000000000000110000000000000000010000000000000000001100000000000000000110000000000000000001000000000000000001100000000000000000110011111111111100001111000000000000111100000000000000000000
0000000000000000000011111111111011111111000000000000000001100000000000000000110000000000000000011000000000000000001000000000000000001100000000000000000110000000000000000010000000000000000001100000000000000001100000000000000000110000000000000000011000000000000000000100000000000000000010000000000000000001000000000000000000110000000000000000011000111011000000001011111000001111110011100000000000000011
0100000000000000000101111111000000011111000000001111111001100000000000000001100000000000000000110000000000000000001000000000000000001100000000000000000010000000000000000011000000000000000001100000000000000000010000000000000000001000000000000000000100000000000000000010000000000000000000100000000000000000110000000000000000011000000000000000001111111111111111110010000000000000000100000000000000000000
0000000000000001111101000000000011100110001111111111000011000000000000000011000000000000000001100000000000000000010000000000000000001000000000000000000110000000000000000001000000000000000001000000000000000000110000000000000000010000000000000000001000000000000000000100000000000000000001000000000000000001100000000000000001100000000000000000111111100000000000000000000111111110000000000000000000011110
0000000000000011111111111111111011000011000000000000000001000000000000000001100000000000000000100000000000000000010000000000000000011000000000000000001100000000000000001100000000000000000110000000000000000010000000000000000001100000000000000000010000000000000000001000000000000000000010000000000000000001000000000000000000100000000000000000011000000000000000001001111111111111000011110000000000001111
1100000000000000000001111110000000000000000000111011111111100000000000000001100000000000000000110000000000000000001000000000000000000100000000000000000010000000000000000001000000000000000000110000000000000000010000000000000000001100000000000000000010000000000000000001000000000000000000100000000000000000010000000000000000011000000000000000011000111111100000000111110000001111111111100000000000000000
0100000000000000000001111111100000111011000000000111110001100000000000000000011000000000000000001000000000000000000100000000000000000001000000000000000000100000000000000000010000000000000000001000000000000000001100000000000000001100000000000000000100000000000000000010000000000000000001100000000000000000100000000000000000011011111111111000001111000000000001110110000000000000000000000000000000000000
0000000000000000000001100000011111110110011111111000000001100000000000000000100000000000000000010000000000000000001000000000000000000010000000000000000001000000000000000000100000000000000000010000000000000000011000000000000000000100000000000000000010000000000000000001000000000000000000100000000000000000001000000000000000001100000000000000001100000000000000001111111111111111100011100000000000001111
0000000000000001111101111111111111110010000000000000000001100000000000000000100000000000000000110000000000000000001000000000000000001100000000000000000100000000000000000011000000000000000001000000000000000001100000000000000000100000000000000000001000000000000000000100000000000000000011000000000000000000100000000000000000010000000000000000001101111100000000000111110001111110000001000000000000011111
0000000000000000000011111111111111111110000000000000000001100000000000000000100000000000000000010000000000000000001000000000000000000100000000000000000001000000000000000001000000000000000000100000000000000000010000000000000000011000000000000000000100000000000000000010000000000000000001000000000000000000100000000000000000010000000000000000011000110110000000001111110000011111111100000000000000000000
1100000000000000000001111111111111111111000000000000000011000000000000000001000000000000000000100000000000000000001000000000000000000100000000000000000010000000000000000001000000000000000000100000000000000000011000000000000000001000000000000000001100000000000000000010000000000000000001000000000000000000100000000000000000011000000000000000011011111111110111001111000000000000001110000000000000000000
0000000000000000000001111111111101111111000000000000000001100000000000000000110000000000000000010000000000000000001100000000000000000010000000000000000001000000000000000000100000000000000000010000000000000000001000000000000000000100000000000000000010000000000000000001000000000000000000010000000000000000001000000000000000000100000000000000000110111111111111100011110000000000001101000000000000000000
0000000000000000001100000000111111111111000111110000000011000000000000000000100000000000000000110000000000000000010000000000000000001100000000000000000010000000000000000010000000000000000011000000000000000000100000000000000000110000000000000000010000000000000000000100000000000000000110000000000000000011000000000000000001100000000000000000010000000000011110001111110111011000011000000000000000000000
0000000000000000000101111111111101111111000000000000000001000000000000000000100000000000000000010000000000000000001000000000000000000110000000000000000001000000000000000000100000000000000000000000000000000000011000000000000000001000000000000000000100000000000000000001000000000000000000100000000000000000010000000000000000001100000000000000001100000000000000001111111111111111111111100000000000000000
0000000000001110011001111111111100011110000000000000000011000000000000000000100000000000000000110000000000000000001000000000000000000100000000000000000001000000000000000000100000000000000000110000000000000000011000000000000000001000000000000000000110000000000000000011000000000000000001100000000000000000010000000000000000011000000000000000001100000000000000001110000000000000000000011111111111111111
0000000001111111111101111111100000000001000000000000000001100000000000000000100000000000000000011000000000000000001000000000000000000100000000000000000010000000000000000001000000000000000000110000000000000000010000000000000000011000000000000000001000000000000000000100000000000000000010000000000000000001100000000000000000110000000000000000011111111111111011100110000000000000000100000000000000000000
0000000101111111100101100111000000000011000000000000000001100000000000000000110000000000000000010000000000000000011000000000000000000100000000000000000010000000000000000011000000000000000001000000000000000000100000000000000000010000000000000000000000000000000000000010000000000000000001000000000000000000100000000000000000100000000000000000011011111110110100000111000000000001111100000000000000000000
0010000000000000111100011111111111110011000000000000000001000000000000000000100000000000000000011000000000000000001000000000000000000100000000000000000001000000000000000000100000000000000000110000000000000000001000000000000000001100000000000000000000000000000000000011000000000000000000100000000000000000010000000000000000001000000000000000001100000000000000000110011100000000000011111000110111111111
0100000000000000100000111111111011111111000000000000000000100000000000000000010000000000000000001000000000000000000100000000000000000001000000000000000000100000000000000000100000000000000000001000000000000000001100000000000000000100000000000000000010000000000000000001000000000000000000100000000000000000110000000000000000011000000000000000001100000000000000001111111111111111011000000000000000000000
0000000000001111111101111111011100000010000000000000000011000000000000000001000000000000000000100000000000000000011000000000000000000100000000000000000010000000000000000001000000000000000000100000000000000000011000000000000000011000000000000000000100000000000000000010000000000000000001000000000000000001100000000000000000110000000000000000001000111111111110000111110000000000111000000000000000000000
1100000000000000000101111100000000011111000000111111111101100000000000000000100000000000000000001000000000000000000100000000000000000010000000000000000001000000000000000000100000000000000000010000000000000000001000000000000000001100000000000000000100000000000000000010000000000000000000100000000000000000010000000000000000001000000000000000001100000000000000000111111111011111111001000000000000000000
0000000000000000000000011000011111011111000001111000000001000000000000000000100000000000000000010000000000000000001000000000000000000100000000000000000001000000000000000001100000000000000000010000000000000000011000000000000000001100000000000000000000000000000000000001000000000000000000100000000000000000010000000000000000011000000000000000001000000000000000000110000000000000000011111111111111111100
0001100000000001111100011111011101100011000000000000000001100000000000000000100000000000000000110000000000000000010000000000000000001000000000000000000110000000000000000010000000000000000001000000000000000001100000000000000000010000000000000000001000000000000000000100000000000000000010000000000000000001000000000000000000110000111111000000011111110000001111000000000000000000000000000000000000000000
0000000000000000000100000100000000111111000000111101110001100000000000000001100000000000000000100000000000000000010000000000000000000100000000000000000110000000000000000100000000000000000010000000000000000001000000000000000000110000000000000000010000000000000000001000000000000000000110000000000000000001000000000000000001100000000000000000010000000111111000001111111101000001111000000000000000000000
0010000000000000000000111111111111111111000000000000000000100000000000000000010000000000000000001000000000000000000100000000000000000010000000000000000001000000000000000000110000000000000000010000000000000000001000000000000000000100000000000000000110000000000000000001000000000000000001100000000000000000110000000000000000011000000000000000001100000000000000000111111111100000000001100000000111111110
0001110000000000000000000111100000111111000000001111110000110000000000000000010000000000000000011000000000000000001000000000000000000010000000000000000001000000000000000000100000000000000000010000000000000000001000000000000000001100000000000000000100000000000000000010000000000000000001100000000000000000100000000000000000110000000000000000011000000000000000001100000110111111110011110110000000000000
0011111101111111111100000000000000000010000000000000000000100000000000000000010000000000000000010000000000000000001000000000000000000100000000000000000011000000000000000001000000000000000000010000000000000000011000000000000000001000000000000000000100000000000000000010000000000000000000100000000000000000110000000000000000011000000000000000001000000000000000001111111111111111111100000000000000000000
0001000000111111111100011111100000000011000000000000000001100000000000000000100000000000000000110000000000000000011000000000000000001100000000000000000010000000000000000011000000000000000001000000000000000000110000000000000000011000000000000000001000000000000000000010000000000000000001000000000000000000010000000000000000001000000000000000001100000000000000001110011000000000000011111001111111111110
0110111111111111111101010000000000000011000000000000000001100000000000000000100000000000000000010000000000000000001000000000000000000100000000000000000001000000000000000000100000000000000000010000000000000000011000000000000000001000000000000000000010000000000000000001000000000000000000100000000000000000011000000000000000001100000000000000000110000000000000000111111011111110000011110000000000011111
0001111111111111111100000000000000000100000000000000000010000000000000000011000000000000000001100000000000000000110000000000000000010000000000000000011000000000000000001100000000000000000110000000000000000010000000000000000001100000000000000000010000000000000000001000000000000000000100000000000000000110000000000000000011000000000000000000111111111111111110000000000000000000000000000000000000000000
0000111111111111111000000000000000000100000000000000000010000000000000000001000000000000000000110000000000000000010000000000000000001100000000000000000010000000000000000001000000000000000001100000000000000000100000000000000000010000000000000000001000000000000000000110000000000000000001000000000000000000100000000000000000001000000000000000000100000000000000000011111111111111100000000000000000000000
0010000000000000001100111110000000011101000000011011111100100000000000000000110000000000000000010000000000000000001000000000000000000100000000000000000011000000000000000001000000000000000000100000000000000000110000000000000000010000000000000000001100000000000000000010000000000000000001000000000000000000010000000000000000011000000000000000001000000000000000001100011100000000000011111000111111111000
0011000000000000011100001111111011111111000000000000000001100000000000000000010000000000000000011000000000000000000100000000000000000010000000000000000001000000000000000000010000000000000000001000000000000000000100000000000000000010000000000000000001000000000000000001100000000000000000100000000000000000010000000000000000001100000000000000000100000111110111000010111110000000000001110000000000000000